frame_idx,active_event,nearest_trigger,distance_to_trigger,semantic_score,criticality_level,criticality,semantic_tau,semantic_importance,E_omni,E_part,E_edge,R_sem,semantic_edge_count,semantic_edge_warning,adaptive_stop_reason,base_budget,final_budget_after_rescue,configured_semantic_extra_iterations,base_sqp_iterations,semantic_extra_iterations,actual_sqp_iterations,convex_solver_calls,semantic_body_parts,frame_wall_time,mesh_time,optimization_time,collision_check_time,jacobian_time,solver_time,coarse_total_cost,final_total_cost,coarse_left_hand_object_error,coarse_right_hand_object_error,semantic_vertex_weight_mean,semantic_vertex_weight_max,semantic_boosted_vertex_count,semantic_weight_l1,semantic_weight_l2,semantic_weight_edge_count,semantic_weight_edge_endpoint_count,semantic_weight_deduplicated_overlap_count,is_critical_interaction_neighborhood,penetration_depth,raw_penetration_depth,raw_penetration_pair_count,expected_contact_penetration_depth,expected_contact_penetration_pair_count,illegal_penetration_depth,illegal_penetration_pair_count,left_hand_box_signed_distance,right_hand_box_signed_distance,self_collision_violation,joint_limit_violation,foot_sticking_error,velocity_limit_violation,final_laplacian_error,left_hand_demo_object_distance,left_hand_robot_object_distance,left_hand_object_error,left_hand_local_laplacian_error,left_hand_object_neighbor_laplacian_error,right_hand_demo_object_distance,right_hand_robot_object_distance,right_hand_object_error,right_hand_local_laplacian_error,right_hand_object_neighbor_laplacian_error,pelvis_robot_position,left_hand_robot_position,right_hand_robot_position,semantic_part_residual,semantic_edge_residual,semantic_residual,semantic_part_vertex_count,semantic_cross_edge_count
0,,,,0.0,,0.0,0.0,0.0,,0.0,0.0,0.0,0,False,,50,50,0,2,0,50,50,,1.8172851018607616,0.0027163911145180464,1.7899692470673472,0.016097611049190164,,1.7899692470673472,1.1843197111200612,1.1843197111200612,,,1.0,1.0,0,0.0,0.0,0,0,0,False,0.0014683117942896062,0.028121296152426145,17,0.0031038711506328753,13,0.0,0,0.08330191633362816,0.14348423131428412,,0.0,0.0,,0.02216287178401527,0.222575568590948,0.261747590605622,0.03917202201467404,0.0673238599442344,0.018941533531892946,0.2745051197479645,0.29032930133646623,0.01582418158850174,0.05567150598183199,0.017795206513540027,0.6347837536785604|0.8022254605390892|0.7704831134259317,0.8535500641405531|0.6324761172535904|0.5958030154155177,0.39922125349784665|0.6539254724494161|0.6124329095519923,0.0,0.0,0.0,0,0
1,,,,0.0,,0.0,0.0,0.0,0.7522796835342794,0.0,0.0,0.0,0,False,constraint_required_more,2,2,0,2,0,2,2,,0.12680930993519723,0.0027761769015341997,0.09996020188555121,0.0156967060174793,,0.09996020188555121,0.7522796835342794,0.7522796835342794,,,1.0,1.0,0,0.0,0.0,0,0,0,False,0.0008618065140983122,0.02986117164111296,14,0.0031473427068362536,10,0.0,0,0.05648909465402596,0.1167468985500193,,0.0,0.001602318679462273,,0.021507266009788615,0.19466303616604216,0.23410059979236628,0.03943756362632411,0.06194177950250897,0.017485154122083155,0.24702061277048,0.2616260927172897,0.01460547994680969,0.050360143801756664,0.01662527632596058,0.634966888976732|0.8105347363590003|0.7586585046929529,0.8672929556770137|0.6428567156554494|0.5585341868628808,0.38948802865318943|0.651589451840023|0.5742381828494985,0.0,0.0,0.0,0,0
2,,,,0.0,,0.0,0.0,0.0,0.709602344328849,0.0,0.0,0.0,0,False,constraint_required_more,2,2,0,2,0,2,2,,0.1345358861144632,0.0027370259631425142,0.10621950402855873,0.016560408053919673,,0.10621950402855873,0.709602344328849,0.709602344328849,,,1.0,1.0,0,0.0,0.0,0,0,0,False,0.0007487152207827988,0.031437388656473386,13,0.0031186797000378186,9,0.0,0,0.02860719478903917,0.0839065590072785,,0.0,0.0014978421665217195,,0.021087189445256328,0.16702964198679293,0.202932966071004,0.03590332408421107,0.057363093150882165,0.017921863145598006,0.218889967517298,0.2265190818468393,0.007629114329541303,0.04472889725629413,0.016585712127882048,0.6289277224485098|0.8226474256496064|0.7420897088742396,0.8722882118988076|0.6521594976035633|0.5165103220982952,0.3871825105964536|0.6413949335485624|0.5310731163130751,0.0,0.0,0.0,0,0
3,,,,0.0,,0.0,0.0,0.0,0.6998206170528202,0.0,0.0,0.0,0,False,constraint_required_more,2,2,0,2,0,2,2,,0.138890776084736,0.0027812039479613304,0.10985291609540582,0.016794592840597034,,0.10985291609540582,0.6998206170528202,0.6998206170528202,,,1.0,1.0,0,0.0,0.0,0,0,0,False,0.0007018770111012138,0.0328528541989456,12,0.003141146459411881,8,0.0,0,0.004958148041380284,0.05140771081711115,,0.0,0.0015619835780543287,,0.021011448692806432,0.14084248028933713,0.16683538439888795,0.025992904109550824,0.05219048139124675,0.018696247419196513,0.19075423092319974,0.19196754400807706,0.001213313084877321,0.03489736616887677,0.01697826045487717,0.6210297949400098|0.837664692260075|0.7208131733401721,0.8783624223808002|0.6549530795325477|0.47193090582124697,0.38664312361107217|0.6272751502309634|0.48529909523863407,0.0,0.0,0.0,0,0
4,,,,0.0,,0.0,0.0,0.0,0.7085496583745072,0.0,0.0,0.0,0,False,base_finished_after_2,2,2,0,2,0,2,2,,0.1670959759503603,0.0027322350069880486,0.13852829299867153,0.016802819911390543,,0.13852829299867153,0.7085496583745072,0.7085496583745072,,,1.0,1.0,0,0.0,0.0,0,0,0,False,0.0006260714993968908,0.03436358549959159,12,0.0031371618314882943,7,0.0,0,-0.01047609259449267,0.024137390268547776,,0.0,0.0017885666411128754,,0.02119042076120044,0.11775434054355444,0.13857745438438213,0.02082311384082769,0.046695318316322704,0.01877883826563073,0.16346603677236926,0.16396418394455087,0.0004981471721816066,0.03006702956716749,0.017990794179886947,0.6114696524006547|0.856425911343671|0.6941627244571237,0.8841320130919756|0.6536976876786562|0.43091239002955395,0.38582344185935796|0.6164025512374487|0.4386099492443654,0.0,0.0,0.0,0,0
5,,,,0.0,,0.0,0.0,0.0,0.6766850317717439,0.0,0.0,0.0,0,False,base_finished_after_2,2,2,0,2,0,2,2,,0.14553796499967575,0.0032096561044454575,0.11557411612011492,0.01753031206317246,,0.11557411612011492,0.6766850317717439,0.6766850317717439,,,1.0,1.0,0,0.0,0.0,0,0,0,False,0.0010008670982612697,0.036167791746331224,12,0.0031110539474660526,8,0.0,0,-0.018151751295768292,0.008951794349103537,,0.0,0.0015608839938536885,,0.021002829083921495,0.09956860049399487,0.1192094638987996,0.01964086340480474,0.041378817738600644,0.018866397540957144,0.13873854643006756,0.14932867065857738,0.010590124228509828,0.03035751275903562,0.018172175016847997,0.6082095963737044|0.8692279747617605|0.6657605500984335,0.890545225358443|0.6505504520730025|0.3918645542743151,0.3839301644196605|0.6000560874288536|0.39632159337380923,0.0,0.0,0.0,0,0
6,,,,0.0,,0.0,0.0,0.0,0.6992529091391538,0.0,0.0,0.0,0,False,constraint_required_more,2,2,0,2,0,2,2,,0.1487843410577625,0.0027688120026141405,0.1189392008818686,0.01765775214880705,,0.1189392008818686,0.6992529091391538,0.6992529091391538,,,1.0,1.0,0,0.0,0.0,0,0,0,False,0.0036578880462905528,0.03596268638391392,13,0.0031355946968038007,8,0.0036578880462905528,1,-0.017400105934010313,-0.0036286812678341107,,0.0,0.0015628022324350598,,0.021295095489415886,0.08879512663570269,0.09942560020845251,0.010630473572749821,0.0415662312835575,0.019653698105941923,0.11883766528894972,0.1373073448076454,0.018469679518695672,0.030835580818325548,0.018528863670964874,0.6074562507821675|0.8837596554823388|0.6437505947948661,0.8957232853569064|0.648159672577739|0.35367273351812506,0.38924121589623695|0.586092826612217|0.363767518324596,0.0,0.0,0.0,0,0
7,,,,0.0,,0.0,0.0,0.0,0.7074627970385987,0.0,0.0,0.0,0,False,constraint_required_more,2,2,0,2,0,2,2,,0.15397790493443608,0.002746099838986993,0.12448680796660483,0.01740341098047793,,0.12448680796660483,0.7074627970385987,0.7074627970385987,,,1.0,1.0,0,0.0,0.0,0,0,0,False,0.0018857452903573296,0.03566209475692944,11,0.0031557274893412313,6,0.0018857452903573296,1,-0.020145008612081128,-0.010882618161749846,,0.0,0.001396962169584826,,0.021476682015098104,0.08391605980249676,0.0863859747898572,0.002469914987360433,0.03758451731862834,0.019518196820789577,0.10638536290407621,0.11996975972545915,0.013584396821382932,0.03056428062376838,0.018730206637811816,0.6062538915689463|0.8902650156532012|0.6264220759030295,0.897427045285449|0.6391273693405009|0.3190177385036814,0.39679789117385494|0.5730265980672671|0.3310253351934326,0.0,0.0,0.0,0,0
8,,,,0.0,,0.0,0.0,0.0,0.7051894185467226,0.0,0.0,0.0,0,False,constraint_required_more,2,2,0,2,0,2,2,,0.1573990280739963,0.0027218349277973175,0.12735268496908247,0.017817925894632936,,0.12735268496908247,0.7051894185467226,0.7051894185467226,,,1.0,1.0,0,0.0,0.0,0,0,0,False,0.002305498241134435,0.03620982883466786,11,0.002967420815621097,6,0.002305498241134435,1,-0.015931205081123778,-0.008213483296691138,,0.0,0.0012910031851725292,,0.02140330787140613,0.08027341396293271,0.08595208698073552,0.00567867301780281,0.03744310913310918,0.0192776960309166,0.09965398132270455,0.11184166655337087,0.012187685230666323,0.031058068915877597,0.019146308339215958,0.6033463693646861|0.8956986822384848|0.6108150463755321,0.8988085519123039|0.6328592841767233|0.29184650685421754,0.40218801468729326|0.5626605571483149|0.2969061674420498,0.0,0.0,0.0,0,0
9,,,,0.0,,0.0,0.0,0.0,0.7018754661568866,0.0,0.0,0.0,0,False,constraint_required_more,2,2,0,2,0,2,2,,0.16032166383229196,0.002783453091979027,0.12989214505068958,0.018092558020725846,,0.12989214505068958,0.7018754661568866,0.7018754661568866,,,1.0,1.0,0,0.0,0.0,0,0,0,False,0.001533302122629962,0.03686399436899085,11,0.003008943902417044,6,0.001533302122629962,1,-0.00558360861268703,-0.0012594512170061023,,0.0,0.0013383544504652891,,0.021394802621883285,0.078574444051005,0.09613889881150146,0.017564454760496465,0.03753199458127525,0.018929072729802095,0.08475699918663318,0.10273025182010269,0.017973252633469508,0.03297958275018331,0.020030206663700444,0.6081977572619031|0.9000853260807489|0.5968546974538681,0.903390101134821|0.6271762190105515|0.2670946256821265,0.40694880083114465|0.556082220311537|0.26809012084716727,0.0,0.0,0.0,0,0
10,,,,0.0,,0.0,0.0,0.0,0.7104086435643786,0.0,0.0,0.0,0,False,constraint_required_more,2,2,0,2,0,2,2,,0.1618749040644616,0.00269847409799695,0.1316981960553676,0.018009444931522012,,0.1316981960553676,0.7104086435643786,0.7104086435643786,,,1.0,1.0,0,0.0,0.0,0,0,0,False,0.0012120535921872622,0.0367984950888785,9,0.002972382152683306,4,0.0012120535921872622,1,0.004879292878303687,0.0006239387669211283,,0.0,0.0013141811688290972,,0.021475314307965763,0.0745574537008932,0.0891784742205152,0.014621020519621997,0.03649702549476431,0.018774687527446012,0.07821379770334051,0.10072394867785564,0.022510150974515128,0.03461866903648352,0.01988608661575895,0.611892174371548|0.902737836666427|0.5861750124589183,0.903620968773634|0.6214196330386529|0.2447267690545019,0.41235959604772493|0.5462624542755335|0.2441712325363451,0.0,0.0,0.0,0,0
11,,,,0.0,,0.0,0.0,0.0,0.7185037541991662,0.0,0.0,0.0,0,False,constraint_required_more,2,2,0,2,0,2,2,,0.16589344013482332,0.002774447901174426,0.13525458192452788,0.01815169397741556,,0.13525458192452788,0.7185037541991662,0.7185037541991662,,,1.0,1.0,0,0.0,0.0,0,0,0,False,0.0011435599984130698,0.037052626931522586,9,0.003018469779875105,4,0.000971860796007043,1,-0.0014729612175496953,-0.014334074497636351,,0.0,0.0013408134528106734,,0.02156262005303591,0.07612232754810105,0.08637155940316564,0.010249231855064586,0.03713989933853254,0.018865829243610854,0.07599210873720244,0.10245389534098337,0.02646178660378093,0.03435310921002296,0.019288706617125076,0.6146328245874043|0.9052677484494823|0.5753828453643128,0.9037712629409472|0.6162757490968863|0.22609088281143963,0.4191528593255201|0.5427896683554365|0.22112135488410525,0.0,0.0,0.0,0,0
12,,,,0.0,,0.0,0.0,0.0,0.7156676869649502,0.0,0.0,0.0,0,False,constraint_required_more,2,2,0,2,0,2,2,,0.17153347213752568,0.002769053913652897,0.14021823997609317,0.018525632098317146,,0.14021823997609317,0.7156676869649502,0.7156676869649502,,,1.0,1.0,0,0.0,0.0,0,0,0,False,0.0014293184678338365,0.03763497730599211,9,0.0030128680476467218,4,0.0009096829230521714,1,-0.011197962151587859,-0.026834269175079584,,0.0,0.0013488077379023074,,0.021504494398301967,0.07950557536863648,0.08667925064706887,0.007173675278432393,0.03717975270278908,0.01897390490033029,0.06475706662099791,0.08667709887053515,0.021920032249537244,0.03326271309308891,0.018703699375542098,0.6143959370844736|0.9063649586426501|0.5629405952647443,0.9024537270197873|0.6106094281363312|0.2061768111427761,0.42781464136699093|0.5356005880071925|0.19864682541277004,0.0,0.0,0.0,0,0
13,,,,0.0,,0.0,0.0,0.0,0.7258478274567395,0.0,0.0,0.0,0,False,constraint_required_more,2,2,0,2,0,2,2,,0.17537245410494506,0.002715987153351307,0.14362169802188873,0.01893582195043564,,0.14362169802188873,0.7258478274567395,0.7258478274567395,,,1.0,1.0,0,0.0,0.0,0,0,0,False,0.0019417335780628764,0.03807184063935404,9,0.003035093538967387,4,0.0019417335780628764,1,-0.018979879542809996,-0.03060453402980201,,0.0,0.0013593070553072023,,0.021628027096141412,0.0731831569668558,0.09072790763980779,0.017544750672951984,0.036740712143749715,0.018694122532117625,0.059706961524533954,0.07884240716506599,0.019135445640532038,0.03437767773024829,0.019319718784799326,0.6161347919888712|0.908178897414854|0.5526212423109983,0.9011001226559111|0.603400286370067|0.18813568813187959,0.4327677565901478|0.5303931309277929|0.1796648550169431,0.0,0.0,0.0,0,0
14,,,,0.0,,0.0,0.0,0.0,0.7245474067329476,0.0,0.0,0.0,0,False,constraint_required_more,2,2,0,2,0,2,2,,0.20304120308719575,0.002764682983979583,0.1696634020190686,0.020116410916671157,,0.1696634020190686,0.7245474067329476,0.7245474067329476,,,1.0,1.0,0,0.0,0.0,0,0,0,False,0.0012634383220410106,0.03870685202967386,10,0.0030380263466471824,4,0.0012634383220410106,1,-0.024556701367213662,-0.03486196312382539,,0.0,0.001361712640461341,,0.021674082620929548,0.06960966218364845,0.0879619618505322,0.01835229966688376,0.034986228502398874,0.01874748453527757,0.058226961794825144,0.07483562897488509,0.016608667180059947,0.03494497070348431,0.019867455063621246,0.6174744029038667|0.9086052650668685|0.5425933878471674,0.8993971857739279|0.599130509478117|0.1724124032651031,0.4377044683917314|0.5304744509493455|0.15990001195636372,0.0,0.0,0.0,0,0
15,,,,0.0,,0.0,0.0,0.0,0.734129132142353,0.0,0.0,0.0,0,False,constraint_required_more,2,2,0,2,0,2,2,,0.18684398801997304,0.0027431079652160406,0.15375381708145142,0.019750162959098816,,0.15375381708145142,0.734129132142353,0.734129132142353,,,1.0,1.0,0,0.0,0.0,0,0,0,False,0.0012498244901483803,0.03910420764942199,11,0.002990893649162163,5,0.0011243719417362852,1,-0.02821344573771789,-0.029366034414451292,,0.0,0.0013654222403795592,,0.02174556973182232,0.06819076923508341,0.08015845007106515,0.011967680835981737,0.03459744451205666,0.018650055899255696,0.051732893876668254,0.07633284417306775,0.024599950296399498,0.03887460786380722,0.020220640442255716,0.620188717973258|0.908405295427289|0.5334851728020207,0.8973573598182761|0.590410231272087|0.16024805766615913,0.4378105405501557|0.5284745322876652|0.14466913375508644,0.0,0.0,0.0,0,0
16,,,,0.0,,0.0,0.0,0.0,0.7376145498658657,0.0,0.0,0.0,0,False,constraint_required_more,2,2,0,2,0,2,2,,0.19018466281704605,0.002701367950066924,0.1564734890125692,0.020045923069119453,,0.1564734890125692,0.7376145498658657,0.7376145498658657,,,1.0,1.0,0,0.0,0.0,0,0,0,False,0.001698123124608028,0.03955477408960312,13,0.002996716034210256,5,0.001698123124608028,4,-0.032832457917480795,-0.028242141152128752,,0.0,0.0013712685292047756,,0.021791482488192307,0.06402632931514866,0.07468395594018791,0.010657626625039246,0.03709006719080638,0.01916577430598857,0.04456511921968228,0.07144824397528289,0.02688312475560061,0.03974292223460906,0.020184413821017926,0.6211402689799816|0.9086922433825229|0.5263914046020509,0.8942653429439859|0.5859981068049479|0.15100560736689547,0.44044514288795983|0.5258177947884368|0.1351412202445502,0.0,0.0,0.0,0,0
17,,,,0.0,,0.0,0.0,0.0,0.7500853878289155,0.0,0.0,0.0,0,False,constraint_required_more,2,2,0,2,0,2,2,,0.19343897583894432,0.0027133908588439226,0.15954598714597523,0.02029150095768273,,0.15954598714597523,0.7500853878289155,0.7500853878289155,,,1.0,1.0,0,0.0,0.0,0,0,0,False,0.0011772639658210599,0.03923726448386666,13,0.0030182819769577485,5,0.0011772639658210599,4,-0.038209263861146425,-0.02711817988309484,,0.0,0.0014140710351752967,,0.021928711277590312,0.058311006527179424,0.07119781447936228,0.01288680795218286,0.040522084510377435,0.019286691156993007,0.039410877470981445,0.0711325477500791,0.031721670279097655,0.047948726717257945,0.02057767181295513,0.6209069886931626|0.9117415798877277|0.5225942800725343,0.8914759806289279|0.5840013673714138|0.14719512939008977,0.4407770731815354|0.522218792435379|0.13528225293366783,0.0,0.0,0.0,0,0
18,,,,0.0,,0.0,0.0,0.0,0.7678662059191788,0.0,0.0,0.0,0,False,constraint_required_more,2,2,0,2,0,2,2,,0.19366533495485783,0.0027369291055947542,0.15979439299553633,0.020219604950398207,,0.15979439299553633,0.7678662059191788,0.7678662059191788,,,1.0,1.0,0,0.0,0.0,0,0,0,False,0.001321118474280611,0.03880554348764326,14,0.003035532063797697,6,0.001321118474280611,4,-0.04430633182958488,-0.027155372618357987,,0.0,0.001401082761741787,,0.02212966977463644,0.05258928045085924,0.06690247743839281,0.014313196987533569,0.04166162594218941,0.019290550129803526,0.034969496022889825,0.07084487966694661,0.035875383644056784,0.056464940059257625,0.021418704918332844,0.6200537831766954|0.9136718807928338|0.5191975374401575,0.8877032718270358|0.5815031804448051|0.14253084618118664,0.4411048706739509|0.5216666342626602|0.1353115768403887,0.0,0.0,0.0,0,0
19,,,,0.0,,0.0,0.0,0.0,0.7852481659756051,0.0,0.0,0.0,0,False,constraint_required_more,2,2,0,2,0,2,2,,0.19444649084471166,0.002733298810198903,0.1609653120394796,0.02015147404745221,,0.1609653120394796,0.7852481659756051,0.7852481659756051,,,1.0,1.0,0,0.0,0.0,0,0,0,False,0.0010819165646006879,0.03833920029352725,14,0.0029856556847730753,6,0.0010819165646006879,4,-0.0318549005327764,-0.02663930620047239,,0.0,0.0014002760109245514,,0.02217543760906513,0.04693967049141904,0.07346044146228173,0.026520770970862688,0.04765754921197729,0.01861133788141124,0.03153757446137274,0.07138964351333865,0.039852069051965915,0.0637993754588952,0.021439797969328094,0.6195896927885832|0.9147028341144555|0.5157788536603145,0.8938973360917231|0.5825521064406667|0.137416123932692,0.44055804918948854|0.5199969425487834|0.135185599620616,0.0,0.0,0.0,0,0
20,,,,0.0,,0.0,0.0,0.0,0.8236948321661907,0.0,0.0,0.0,0,False,constraint_required_more,2,2,0,2,0,2,2,,0.2147191681433469,0.0026986049488186836,0.1808232490438968,0.02040175790898502,,0.1808232490438968,0.8236948321661907,0.8236948321661907,,,1.0,1.0,0,0.0,0.0,0,0,0,False,0.0011415760982982637,0.03815884930642205,15,0.0029824674316329125,6,0.0011415760982982637,5,-0.029001886486035744,-0.025918352573381043,,0.0,0.0014149207442870947,,0.022596148623307496,0.042137197001041356,0.07231732673207175,0.030180129731030396,0.054353301743899324,0.019872432287542992,0.030081807189030255,0.0721776584375397,0.04209585124850945,0.06825907481658816,0.021268287880466846,0.6189117089623183|0.9137216573925334|0.5142957848657074,0.8934643416127537|0.5781643493672607|0.13634358140819508,0.43992468502755433|0.5176664807991698|0.13488141208898968,0.0,0.0,0.0,0,0
21,,,,0.0,,0.0,0.0,0.0,0.8615637989607876,0.0,0.0,0.0,0,False,constraint_required_more,2,2,0,2,0,2,2,,0.19183501019142568,0.0027054520323872566,0.15830345102585852,0.02009989181533456,,0.15830345102585852,0.8615637989607876,0.8615637989607876,,,1.0,1.0,0,0.0,0.0,0,0,0,False,0.0010995269907938948,0.03810614200866114,15,0.0029389578279449546,6,0.0010995269907938948,5,-0.02751839350791485,-0.024402517385762934,,0.0,0.0014144098447250052,,0.022978932815452015,0.03866287067761362,0.0705366468714526,0.03187377619383898,0.058082419370161245,0.02020624313271701,0.029937430837878223,0.07253777552573397,0.04260034468785574,0.07352196095048481,0.021986711983758195,0.6172194001919722|0.9142066731586821|0.51135926530025,0.8921078182260439|0.5745637211267831|0.13674402386681578,0.4400229568792344|0.5131979187158937|0.13507932810901585,0.0,0.0,0.0,0,0
22,,,,0.0,,0.0,0.0,0.0,0.8663827006596532,0.0,0.0,0.0,0,False,constraint_required_more,2,2,0,2,0,2,2,,0.19183230912312865,0.0027058469131588936,0.1582796908915043,0.019933579955250025,,0.1582796908915043,0.8663827006596532,0.8663827006596532,,,1.0,1.0,0,0.0,0.0,0,0,0,False,0.0018548473147301375,0.0380852441230311,15,0.0029502151468231153,6,0.0018548473147301375,5,-0.026718268370775178,-0.023771512413572893,,0.0,0.0014168099390459528,,0.0230090841656205,0.03735674281998337,0.06932663917823258,0.031969896358249206,0.06060518310795775,0.020397407411983044,0.03126426443896467,0.07269302292349225,0.04142875848452758,0.07517055776646245,0.021564608132382222,0.618652506257829|0.914045010560251|0.5087894213679204,0.8910175089276784|0.5705115161945172|0.13699354700176175,0.43996933071440225|0.5115496600137953|0.13525546721849574,0.0,0.0,0.0,0,0
23,,,,0.0,,0.0,0.0,0.0,0.8929212405076007,0.0,0.0,0.0,0,False,constraint_required_more,2,2,0,2,0,2,2,,0.19181757885962725,0.0027069849893450737,0.158158415928483,0.020155339036136866,,0.158158415928483,0.8929212405076007,0.8929212405076007,,,1.0,1.0,0,0.0,0.0,0,0,0,False,0.0010744722218700986,0.0382546413683309,15,0.003077930906285109,6,0.0010744722218700986,5,-0.026500545729202685,-0.022472292147591943,,0.0,0.0014142538109027808,,0.023208283989706147,0.036789626405801315,0.06872472969229194,0.03193510328649063,0.0630600793184926,0.02059335738447414,0.032377184243247814,0.07346470682715604,0.04108752258390823,0.07693121495604968,0.021670469085174126,0.617658611641098|0.9139956628493356|0.5053858378438679,0.8904483403832925|0.5676151007073738|0.13725346105137276,0.43994216238458844|0.507633406854087|0.13538873471827492,0.0,0.0,0.0,0,0
24,,,,0.0,,0.0,0.0,0.0,0.9073375772033113,0.0,0.0,0.0,0,False,constraint_required_more,2,2,0,2,0,2,2,,0.19082264206372201,0.0027423121500760317,0.15741128800436854,0.02000126801431179,,0.15741128800436854,0.9073375772033113,0.9073375772033113,,,1.0,1.0,0,0.0,0.0,0,0,0,False,0.0012323022226967684,0.03824230417067989,15,0.003059761113823445,6,0.0012323022226967684,5,-0.0267831216840424,-0.021422764696270136,,0.0,0.0014147462979269142,,0.02332981599018201,0.03570710406711344,0.06786584436665934,0.03215874029954589,0.06426952989974301,0.020687862228374678,0.031150753970617714,0.07413246685379649,0.04298171288317877,0.07855325665703677,0.021618934159486392,0.6177223764083174|0.913593342613722|0.5031927412684661,0.8896282794193318|0.5657294779217227|0.1375198633349981,0.44006909089260254|0.5045368939491738|0.13550009006111688,0.0,0.0,0.0,0,0
25,,,,0.0,,0.0,0.0,0.0,0.925854357283677,0.0,0.0,0.0,0,False,constraint_required_more,2,2,0,2,0,2,2,,0.21313213394023478,0.0027508079074323177,0.18009424582123756,0.01968422904610634,,0.18009424582123756,0.925854357283677,0.925854357283677,,,1.0,1.0,0,0.0,0.0,0,0,0,False,0.0014092086562116496,0.03820352396545662,16,0.00284940048380658,6,0.0014092086562116496,5,-0.025275862252962966,-0.020442844356391987,,0.0,0.0014147005077225336,,0.02343399517794143,0.031443064163288646,0.06727301057448587,0.035829946411197224,0.06827727769569167,0.0211495379691636,0.026889081374842517,0.07484170130526999,0.04795261993042747,0.08077208738915297,0.02200459423282694,0.6178004666365985|0.9118686861797691|0.5021135923369542,0.8887587138448899|0.5594475762926865|0.13775491151551256,0.44046487733962725|0.500866205605102|0.13555043350525664,0.0,0.0,0.0,0,0
26,,,,0.0,,0.0,0.0,0.0,0.9315657572905349,0.0,0.0,0.0,0,False,constraint_required_more,2,2,0,2,0,2,2,,0.1907652490772307,0.0027678911574184895,0.15702176094055176,0.020223966101184487,,0.15702176094055176,0.9315657572905349,0.9315657572905349,,,1.0,1.0,0,0.0,0.0,0,0,0,False,0.001097902406672402,0.038051871357530104,16,0.0011607672289883075,6,0.001010786112242798,5,-0.026774593879382635,-0.023055852737082105,,0.0,0.001323741585276996,,0.0234514745836996,0.02728719847017925,0.06622501828259957,0.03893781981242032,0.06942035511177182,0.020871775782652178,0.024626742472030148,0.07314785192210994,0.0485211094500798,0.0810143227751286,0.021348309613584558,0.6184339162084699|0.9104892346771801|0.502077800052145,0.8886835479578862|0.5602353388213388|0.13775501669267487,0.44100902480964455|0.5051610815441968|0.13545457869267935,0.0,0.0,0.0,0,0
27,,,,0.0,,0.0,0.0,0.0,0.9297784418524807,0.0,0.0,0.0,0,False,constraint_required_more,2,2,0,2,0,2,2,,0.18791915685869753,0.002764577977359295,0.1544493727851659,0.019961577840149403,,0.1544493727851659,0.9297784418524807,0.9297784418524807,,,1.0,1.0,0,0.0,0.0,0,0,0,False,0.0014900965749650996,0.038060912260677426,15,0.0014900965749650996,5,0.0010272072282853234,5,-0.03291380805560706,-0.024291733559943296,,0.0,0.001397256703726581,,0.023488797026074548,0.026344933036570133,0.06427842885839531,0.037933495821825175,0.06810670672623265,0.020605690183246036,0.024136155590451434,0.07248953897707129,0.04835338338661986,0.07920132681365527,0.02113055768315721,0.6186735571226947|0.9110856354580841|0.50151957454147,0.8877203435852982|0.5711063465647171|0.13793081526327775,0.4416598854116745|0.5054746180235979|0.13543207908494842,0.0,0.0,0.0,0,0
28,,,,0.0,,0.0,0.0,0.0,0.9107414711211272,0.0,0.0,0.0,0,False,constraint_required_more,2,2,0,2,0,2,2,,0.18818713398650289,0.002727051032707095,0.15483031794428825,0.019955275114625692,,0.15483031794428825,0.9107414711211272,0.9107414711211272,,,1.0,1.0,0,0.0,0.0,0,0,0,False,0.0010855465704937145,0.037928155281180764,16,0.0010855465704937145,6,0.0010254769628701421,5,-0.03311424499143456,-0.02572826990456356,,0.0,0.0014031785182697504,,0.02334187923181487,0.02473398841874053,0.0631621163625349,0.03842812794379437,0.06639909331018264,0.02047603265069715,0.022772098598587653,0.07157870626469837,0.04880660766611071,0.07741388965296936,0.020890419307004717,0.6169199694174798|0.9111873432397392|0.5041328381264808,0.8871326794037685|0.5670273122277685|0.13797448085127478,0.4424691360057032|0.5054814839169923|0.1353477036341329,0.0,0.0,0.0,0,0
29,,,,0.0,,0.0,0.0,0.0,0.8998069670765634,0.0,0.0,0.0,0,False,constraint_required_more,2,2,0,2,0,2,2,,0.18822637083940208,0.0027984490152448416,0.1547714259941131,0.019897099118679762,,0.1547714259941131,0.8998069670765634,0.8998069670765634,,,1.0,1.0,0,0.0,0.0,0,0,0,False,0.001180984789335593,0.03756930645969081,15,0.0010017455164412076,5,0.001180984789335593,5,-0.03286952948294086,-0.027657005467720097,,0.0,0.0014151567824312954,,0.023313187006291668,0.025322629422426395,0.06464850581206068,0.03932587638963428,0.0635402302489375,0.02061323809893866,0.022617856403851232,0.0693660751831598,0.04674821877930857,0.07454501569751092,0.02099880498938379,0.6194671438199362|0.9116590318041519|0.5077647202901584,0.8871290636656903|0.5651889957902132|0.13798371210901278,0.4436453348111158|0.5059777844589133|0.13546457519545946,0.0,0.0,0.0,0,0
30,,,,0.0,,0.0,0.0,0.0,0.8734704222422561,0.0,0.0,0.0,0,False,constraint_required_more,2,2,0,2,0,2,2,,0.19441321189515293,0.002732098801061511,0.1597184669226408,0.020679744891822338,,0.1597184669226408,0.8734704222422561,0.8734704222422561,,,1.0,1.0,0,0.0,0.0,0,0,0,False,0.0009994254596083912,0.037500778299037724,14,0.000999389937283643,5,0.0009994254596083912,5,-0.03341461086647257,-0.029836740435182918,,0.0,0.0014149620338045439,,0.02311320841855613,0.02569152784587973,0.06594704896483641,0.04025552111895668,0.059798528407864544,0.019979457757244926,0.02207419619357838,0.06713244928695027,0.045058253093371886,0.07125575441602024,0.021105881759205025,0.6214769180983465|0.9111821704458619|0.5111334311098675,0.8860396123252623|0.5654300353038144|0.13798387780565669,0.44489370974805176|0.5035330843208826|0.13566143459823937,0.0,0.0,0.0,0,0
31,,,,0.0,,0.0,0.0,0.0,0.8361897966072578,0.0,0.0,0.0,0,False,constraint_required_more,2,2,0,2,0,2,2,,0.21776962280273438,0.0027889569755643606,0.18318925891071558,0.020601965952664614,,0.18318925891071558,0.8361897966072578,0.8361897966072578,,,1.0,1.0,0,0.0,0.0,0,0,0,False,0.004979234233747923,0.03775640404866604,14,0.0010663476355044083,5,0.004979234233747923,5,-0.03515635130403183,-0.02839049726672549,,0.0,0.001414111385515102,,0.022821940326386254,0.025699321141880678,0.06556365602957834,0.03986433488769766,0.0537099902990754,0.01955335598941872,0.021329846123886942,0.06860164022817475,0.047271794104287806,0.06711332473553903,0.019910157094924576,0.6216544418255344|0.9089410151464358|0.5145883628178722,0.8829100556170569|0.5630473539841311|0.13792988490098124,0.44289740682455375|0.503921802523513|0.13585541276116825,0.0,0.0,0.0,0,0
32,,,,0.0,,0.0,0.0,0.0,0.7796075016943886,0.0,0.0,0.0,0,False,constraint_required_more,2,2,0,2,0,2,2,,0.1931837119627744,0.0027784639969468117,0.15865897899493575,0.02062110509723425,,0.15865897899493575,0.7796075016943886,0.7796075016943886,,,1.0,1.0,0,0.0,0.0,0,0,0,False,0.0013970040341389905,0.03853818171474119,14,0.0010030248279288695,5,0.0013970040341389905,5,-0.03550575723138749,-0.02937239931626401,,0.0,0.0013453671966646042,,0.022300193928030454,0.02620099128199984,0.06964138503178367,0.04344039374978383,0.04823929588032474,0.01849604878345501,0.02211831179660422,0.06713442767865851,0.04501611588205429,0.060169687144458514,0.0203959372110941,0.6237241137106316|0.9000198303040342|0.5185975951789802,0.8812716995066951|0.5637095305599968|0.13784718422251424,0.4455729046295665|0.5011454884370063|0.1356399253990957,0.0,0.0,0.0,0,0
33,,,,0.0,,0.0,0.0,0.0,0.726079673628855,0.0,0.0,0.0,0,False,constraint_required_more,2,2,0,2,0,2,2,,0.20086832297965884,0.0028032991103827953,0.1653433779720217,0.021198384929448366,,0.1653433779720217,0.726079673628855,0.726079673628855,,,1.0,1.0,0,0.0,0.0,0,0,0,False,0.001320551035692119,0.03996648537737518,12,0.001320551035692119,6,0.0009587286519410765,2,-0.03661062726934716,-0.03197270869173785,,0.0,0.0013832030959836069,,0.021867359240011673,0.026911834767950258,0.06272136301632075,0.0358095282483705,0.0408437311812475,0.018378719363595676,0.022946397203677464,0.05886233227240356,0.0359159350687261,0.049239459509861284,0.019969880639879048,0.6215396579713802|0.8888760802732294|0.522010625306842,0.8765003228201832|0.5566812247545574|0.13939191963648234,0.4504277748499035|0.502853852661647|0.1349628352041742,0.0,0.0,0.0,0,0
34,,,,0.0,,0.0,0.0,0.0,0.7072052962780648,0.0,0.0,0.0,0,False,constraint_required_more,2,2,0,2,0,2,2,,0.19943828112445772,0.002729973057284951,0.1639871399383992,0.02121678297407925,,0.1639871399383992,0.7072052962780648,0.7072052962780648,,,1.0,1.0,0,0.0,0.0,0,0,0,False,0.0013181868486273202,0.04042020926175252,11,0.0013181868486273202,6,0.0010760287540669405,1,-0.03474249365780935,-0.03249063337423763,,0.0,0.0014090438601842452,,0.021675227294385646,0.027928037298889173,0.06678549433058995,0.03885745703170077,0.04534133663020107,0.018004842169314368,0.024002788856349398,0.05439229065870933,0.030389501802359935,0.043098386347140936,0.021071046785030908,0.6230372145248018|0.8905727137914664|0.5331483268814313,0.8793863987512802|0.5549240174984179|0.15796099006657982,0.45397256008836223|0.5003308452365621|0.1443872969728145,0.0,0.0,0.0,0,0
35,,,,0.0,,0.0,0.0,0.0,0.699238770544144,0.0,0.0,0.0,0,False,constraint_required_more,2,2,0,2,0,2,2,,0.19830013089813292,0.0027019979897886515,0.1634588830638677,0.02094143908470869,,0.1634588830638677,0.699238770544144,0.699238770544144,,,1.0,1.0,0,0.0,0.0,0,0,0,False,0.0010769934801018663,0.03969500191521472,11,0.0010769934801018663,6,0.0006515843788458958,1,-0.03325527724565447,-0.032126319784259394,,0.0,0.001249909765444775,,0.02171700599206678,0.029322161609551225,0.06677552384693777,0.037453362237386545,0.04668534145321948,0.01795956758391047,0.025333554594958,0.05352867997732259,0.028195125382364586,0.04043540989304237,0.02101513040914711,0.6222531968527576|0.8921926058784799|0.5483620130734439,0.8797744661085578|0.5487228501182486|0.17541939986777397,0.4537637174771138|0.4994450176170485|0.1605800154534468,0.0,0.0,0.0,0,0
36,,,,0.0,,0.0,0.0,0.0,0.6872398992453284,0.0,0.0,0.0,0,False,constraint_required_more,2,2,0,2,0,2,2,,0.19601185200735927,0.002755603985860944,0.16084879008121789,0.020947712007910013,,0.16084879008121789,0.6872398992453284,0.6872398992453284,,,1.0,1.0,0,0.0,0.0,0,0,0,False,0.0011095582016066516,0.03852677243153274,11,0.0011095582016066516,6,0.0007444292281822973,1,-0.033505920611608175,-0.032654880909577244,,0.0,0.0014235573724277993,,0.02156837258503904,0.03130343505431578,0.06485924992176983,0.033555814867454056,0.043565591101625216,0.017862941247477046,0.026588516920129236,0.05341213860896736,0.026823621688838124,0.03973588532679378,0.020666995003241824,0.6227410048394326|0.892996775042603|0.5677785733160682,0.878212710959484|0.5399291071643383|0.1945081160888363,0.45213437082576863|0.49947182958706804|0.18246644598743483,0.0,0.0,0.0,0,0
37,,,,0.0,,0.0,0.0,0.0,0.6729639026519678,0.0,0.0,0.0,0,False,constraint_required_more,2,2,0,2,0,2,2,,0.2133980030193925,0.0026896698400378227,0.17940454999916255,0.02022329904139042,,0.17940454999916255,0.6729639026519678,0.6729639026519678,,,1.0,1.0,0,0.0,0.0,0,0,0,False,0.0016318786763603738,0.037383908703885804,11,0.0016318786763603738,6,0.0011383668063604246,1,-0.034604746010172605,-0.029637117698477766,,0.0,0.0014299233572999473,,0.02146115929426877,0.03375589518207893,0.063762507462943,0.03000661228086407,0.039758290571272864,0.018060129348054416,0.02796416232611147,0.054919094061652754,0.026954931735541286,0.040677237056146315,0.020324930748205246,0.6181186935760546|0.8925874045011073|0.587528507381163,0.8755637699128808|0.5331700903062911|0.21850245435219828,0.4480006017490037|0.4995816381619454|0.20294105153940384,0.0,0.0,0.0,0,0
38,,,,0.0,,0.0,0.0,0.0,0.6491489601594883,0.0,0.0,0.0,0,False,constraint_required_more,2,2,0,2,0,2,2,,0.18990385113283992,0.0027748639695346355,0.155420427210629,0.02039505704306066,,0.155420427210629,0.6491489601594883,0.6491489601594883,,,1.0,1.0,0,0.0,0.0,0,0,0,False,0.0018696853566139357,0.03590412218542269,11,0.0018696853566139357,6,0.000879911434263636,1,-0.033462276288007686,-0.029961389794308957,,0.0,0.0014164877718587765,,0.021297670658038524,0.036744128846563404,0.0656018447807073,0.028857715934143893,0.038442117656652855,0.018662946785053206,0.02991824115629804,0.053793029107432604,0.023874787951134565,0.03897278169280355,0.02134592483814295,0.6175976923144639|0.8903871008995525|0.6069812210769043,0.8731767400661732|0.5356434570203634|0.23954694650100425,0.44671667603683385|0.49944572331473874|0.22594099623864666,0.0,0.0,0.0,0,0
39,,,,0.0,,0.0,0.0,0.0,0.6393576301045683,0.0,0.0,0.0,0,False,constraint_required_more,2,2,0,2,0,2,2,,0.18413609685376287,0.002658264013007283,0.15004664193838835,0.0202881651930511,,0.15004664193838835,0.6393576301045683,0.6393576301045683,,,1.0,1.0,0,0.0,0.0,0,0,0,False,0.0018234663984970992,0.03416743063482228,10,0.0018234663984970992,6,0.0,0,-0.0343690976646176,-0.030412549477789597,,0.0,0.0014388054620237101,,0.02120855267118463,0.03939630956635782,0.06474702766560428,0.02535071809924646,0.03555280566872401,0.01854715650156317,0.03153447099792206,0.053321093316504385,0.021786622318582326,0.037352265165356405,0.0211348628474766,0.6154120987275592|0.890086007489529|0.628211557007196,0.8699076311123647|0.5308132237344376|0.2712098128428276,0.4439652769279221|0.49622253005798117|0.2548823939943538,0.0,0.0,0.0,0,0
40,,,,0.0,,0.0,0.0,0.0,0.6399889214481754,0.0,0.0,0.0,0,False,constraint_required_more,2,2,0,2,0,2,2,,0.17906524892896414,0.0027561280876398087,0.14463000278919935,0.020335688022896647,,0.14463000278919935,0.6399889214481754,0.6399889214481754,,,1.0,1.0,0,0.0,0.0,0,0,0,False,0.0017817821101702887,0.032777500655819025,12,0.0017817821101702887,6,0.0,0,-0.03321297388415978,-0.030065492494831147,,0.0,0.0014316728684125222,,0.0212345644355204,0.041099633093159775,0.06523672252001791,0.02413708942685814,0.03617819923574179,0.01901524132821376,0.033285816620185815,0.05340156965488224,0.020115753034696426,0.036238952546873565,0.02124614183548957,0.6120309864110455|0.8893850240515397|0.6471578951478628,0.8663122215595644|0.5316943931871476|0.3005856996105097,0.4404628399409107|0.4930694417132369|0.2859435148353322,0.0,0.0,0.0,0,0
41,,,,0.0,,0.0,0.0,0.0,0.6377436648228797,0.0,0.0,0.0,0,False,constraint_required_more,2,2,0,2,0,2,2,,0.1755805378779769,0.0027533709071576595,0.14262913214042783,0.01943187997676432,,0.14262913214042783,0.6377436648228797,0.6377436648228797,,,1.0,1.0,0,0.0,0.0,0,0,0,False,0.00170730876094035,0.0317095139061534,11,0.00170730876094035,5,0.0,0,-0.030514829108245323,-0.029296673132748197,,0.0,0.001425470651143437,,0.021285563154517368,0.043174152491047266,0.0656191358086732,0.02244498331762594,0.035344730101772366,0.018900755082299096,0.03532677739183851,0.053719376127333886,0.018392598735495376,0.03382069578120056,0.02123524509689963,0.6069973289417633|0.8855425571088352|0.6640932008813011,0.8626853867979425|0.531718490422925|0.3299061474196041,0.43701849052323716|0.4899126369933113|0.3164388605268784,0.0,0.0,0.0,0,0
42,,,,0.0,,0.0,0.0,0.0,0.6345881451021269,0.0,0.0,0.0,0,False,constraint_required_more,2,2,0,2,0,2,2,,0.17298384197056293,0.0026999241672456264,0.1398970619775355,0.01952125201933086,,0.1398970619775355,0.6345881451021269,0.6345881451021269,,,1.0,1.0,0,0.0,0.0,0,0,0,False,0.0015485948256578064,0.031011402940306965,11,0.0015485948256578064,5,0.0,0,-0.02959099387988573,-0.028297672107957084,,0.0,0.0014136319893661845,,0.021279954658667836,0.04431518889612136,0.06600641104142002,0.021691222145298658,0.035903321238432664,0.018963731655630384,0.03730398362212385,0.05430152734673589,0.01699754372461204,0.032286173055432396,0.02128531689171758,0.6029498566534817|0.8832891759063852|0.6782089516236882,0.8587151386876002|0.5318197654806117|0.3621129679407639,0.43330266195386197|0.4883310032112076|0.34842285079175705,0.0,0.0,0.0,0,0
43,,,,0.0,,0.0,0.0,0.0,0.6343311054428237,0.0,0.0,0.0,0,False,constraint_required_more,2,2,0,2,0,2,2,,0.17486193287186325,0.00271980999968946,0.14173848903737962,0.019591084914281964,,0.14173848903737962,0.6343311054428237,0.6343311054428237,,,1.0,1.0,0,0.0,0.0,0,0,0,False,0.003635851393112094,0.030563266125153143,13,0.003635851393112094,7,0.0,0,-0.03069128122702658,-0.027292087608749682,,0.0,0.0014050539537601063,,0.02127628391689034,0.04515242212278731,0.06645440011503854,0.021301977992251232,0.0363577478702863,0.01904587007822093,0.038905617084151564,0.05504235249966761,0.016136735415516044,0.03146072428048065,0.021537397869168796,0.5982945439500419|0.8813717307074297|0.6893551366237184,0.854741151789838|0.5325143253984007|0.39790562605832697,0.42896407544687465|0.4866634165195054|0.3815950928366273,0.0,0.0,0.0,0,0
44,,,,0.0,,0.0,0.0,0.0,0.615964263130268,0.0,0.0,0.0,0,False,base_finished_after_2,2,2,0,2,0,2,2,,0.197105776052922,0.00280460505746305,0.16394024202600121,0.01954881800338626,,0.16394024202600121,0.615964263130268,0.615964263130268,,,1.0,1.0,0,0.0,0.0,0,0,0,False,0.001696715265362591,0.030053966688795175,12,0.001696715265362591,6,0.0,0,-0.03009098136186772,-0.02624908249258162,,0.0,0.0013946651718293956,,0.021077022488824756,0.04558979301930462,0.06729702034696555,0.021707227327660936,0.03788804296623188,0.01901681842708904,0.039558003577122504,0.05677135905294115,0.017213355475818648,0.0332960807908496,0.0212078314076079,0.5901918516386621|0.8852599241170007|0.6992126706224069,0.8512910287181494|0.5321804685826164|0.43250072972930276,0.42262942363038974|0.48687129261763423|0.4161407581681708,0.0,0.0,0.0,0,0
45,,,,0.0,,0.0,0.0,0.0,0.6231252208821162,0.0,0.0,0.0,0,False,constraint_required_more,2,2,0,2,0,2,2,,0.17309571895748377,0.0028076961170881987,0.1396411929745227,0.01972886105068028,,0.1396411929745227,0.6231252208821162,0.6231252208821162,,,1.0,1.0,0,0.0,0.0,0,0,0,False,0.0019470241068387378,0.02943659623422526,13,0.0019470241068387378,7,0.0,0,-0.030750827928153868,-0.027673540074621528,,0.0,0.0013951728964329332,,0.021243800557765858,0.045321410987796004,0.06826640554369576,0.022944994555899753,0.039915884932596825,0.019279630990329807,0.03955574037981286,0.056235924017198444,0.016680183637385583,0.03284147912941811,0.021462787612430465,0.5837919526415821|0.8828342563362068|0.7092031040465004,0.8469498623417928|0.5327341004749142|0.46574176710808535,0.4186150575426822|0.4845911718532226|0.4490753884941077,0.0,0.0,0.0,0,0
46,,,,0.0,,0.0,0.0,0.0,0.6555631708290484,0.0,0.0,0.0,0,False,constraint_required_more,2,2,0,2,0,2,2,,0.17218154412694275,0.0027464330196380615,0.13917499198578298,0.019467695150524378,,0.13917499198578298,0.6555631708290484,0.6555631708290484,,,1.0,1.0,0,0.0,0.0,0,0,0,False,0.002024070955171667,0.030038766646347248,14,0.002024070955171667,8,0.0,0,-0.031142729757002385,-0.026687306780479148,,0.0,0.0014239147941447555,,0.02159032512417053,0.045371744869698076,0.06888698448405442,0.023515239614356344,0.041791034283626544,0.019109043464135535,0.039796004214663484,0.05786472858036072,0.018068724365697238,0.034264128694777685,0.021611203904035866,0.573969986526177|0.8803808205435095|0.7158565989763256,0.8420959960068937|0.5330298791645603|0.4983460272223269,0.41213120643655193|0.48435910551128947|0.4799546359732621,0.0,0.0,0.0,0,0
47,,,,0.0,,0.0,0.0,0.0,0.681472050924891,0.0,0.0,0.0,0,False,constraint_required_more,2,2,0,2,0,2,2,,0.1744972439482808,0.004275551997125149,0.1397453339304775,0.019621185027062893,,0.1397453339304775,0.681472050924891,0.681472050924891,,,1.0,1.0,0,0.0,0.0,0,0,0,False,0.0015611580466359729,0.030659682104020203,15,0.0015611580466359729,10,0.0,0,-0.0307276549270199,-0.025352277963349934,,0.0,0.0014164231337460197,,0.021922104754733183,0.04539990454306814,0.07007227936768576,0.02467237482461762,0.043931680903615274,0.019563351165251038,0.04030086310138736,0.05864298934992183,0.018342126248534464,0.034029804980741485,0.021573303595228095,0.5655614623633913|0.8742569480424296|0.7211694537204826,0.8373314687180314|0.5335267426122177|0.5282972512400699,0.4067806167133425|0.4836568057441156|0.5069432107470783,0.0,0.0,0.0,0,0
48,,,,0.0,,0.0,0.0,0.0,0.7230061697009869,0.0,0.0,0.0,0,False,base_finished_after_2,2,2,0,2,0,2,2,,0.17337460885755718,0.0027410569600760937,0.14014758402481675,0.01962547400034964,,0.14014758402481675,0.7230061697009869,0.7230061697009869,,,1.0,1.0,0,0.0,0.0,0,0,0,False,0.0034301944353408997,0.031213742422088242,16,0.0034301944353408997,10,0.0006065520925032097,2,-0.030993847016720366,-0.024462587359142418,,0.0,0.0014164328375480173,,0.022417528143242153,0.045355222799172264,0.0708377957616851,0.025482572962512835,0.04576593323909414,0.019378252399883746,0.04045546363171159,0.05916282667772147,0.01870736304600988,0.033903717572760304,0.02208928016892985,0.5555535280699957|0.8674296928486709|0.7245667792476087,0.8313642799871661|0.5340897048445721|0.5553319894075841,0.40169245411917925|0.4843128271149827|0.5314415965364531,0.0,0.0,0.0,0,0
49,,,,0.0,,0.0,0.0,0.0,0.7274013793356329,0.0,0.0,0.0,0,False,constraint_required_more,2,2,0,2,0,2,2,,0.17113661812618375,0.002764240140095353,0.13789594708941877,0.01946105109527707,,0.13789594708941877,0.7274013793356329,0.7274013793356329,,,1.0,1.0,0,0.0,0.0,0,0,0,False,0.0015120171330332277,0.03224698706635898,16,0.0015120171330332277,10,0.0009383373397170713,2,-0.03183068962592017,-0.024305227451353772,,0.0,0.0013986552620134333,,0.022424846520314328,0.04411848653710435,0.07063774086059715,0.0265192543234928,0.046246912757102916,0.01918707711619327,0.04059159351652607,0.060009964559496365,0.019418371042970298,0.03521604517556137,0.02144704699494526,0.5503431014560793|0.8586383281281899|0.7273225783402493,0.8251577887139131|0.5320633754304147|0.5785209894627792,0.39593110370508267|0.48637922848690923|0.5560445430253927,0.0,0.0,0.0,0,0
50,,,,0.0,,0.0,0.0,0.0,0.726284609237783,0.0,0.0,0.0,0,False,constraint_required_more,2,2,0,2,0,2,2,,0.17163410899229348,0.002752662869170308,0.13874490815214813,0.019352423027157784,,0.13874490815214813,0.726284609237783,0.726284609237783,,,1.0,1.0,0,0.0,0.0,0,0,0,False,0.0014252712028759648,0.032946174004266,14,0.0014252712028759648,10,0.001141572182726841,1,-0.030689094843042497,-0.02315845219871271,,0.0,0.0013729557930957,,0.022359601514398936,0.04299833347474767,0.07424464016219073,0.031246306687443062,0.050541647266976,0.01826709098443056,0.039546160245616836,0.061210724675246644,0.021664564429629808,0.03734604820910445,0.0207901968135122,0.5436363066249168|0.8483323535515027|0.7310516174426094,0.8194318125204656|0.5336661690361207|0.5944437759560054,0.39031675235133384|0.4876499816410279|0.5765326869594863,0.0,0.0,0.0,0,0
51,,,,0.0,,0.0,0.0,0.0,0.7492869540832429,0.0,0.0,0.0,0,False,constraint_required_more,2,2,0,2,0,2,2,,0.16948701487854123,0.002759524853900075,0.13710017804987729,0.019078567158430815,,0.13710017804987729,0.7492869540832429,0.7492869540832429,,,1.0,1.0,0,0.0,0.0,0,0,0,False,0.0015110352452433196,0.03416194769566522,13,0.0015110352452433196,9,0.001037496670853233,2,-0.031628751824667845,-0.022997468463593407,,0.0,0.001422525204768205,,0.02263363947289286,0.0430331024640381,0.0768974741684831,0.03386437170444499,0.052262362378331394,0.017858226502930626,0.0389231022401135,0.06183808529618191,0.022914983056068414,0.03856501775186394,0.02127660502859753,0.5373673768175168|0.8348544485496119|0.7335471035147155,0.8134339992327132|0.5329215518598313|0.6114261852771964,0.38501375712203073|0.48698487207190255|0.5949034985789867,0.0,0.0,0.0,0,0
52,,,,0.0,,0.0,0.0,0.0,0.7191002166345204,0.0,0.0,0.0,0,False,constraint_required_more,2,2,0,2,0,2,2,,0.16366605600342155,0.002731957007199526,0.1314689910504967,0.018919477006420493,,0.1314689910504967,0.7191002166345204,0.7191002166345204,,,1.0,1.0,0,0.0,0.0,0,0,0,False,0.0014388688059408343,0.034353567273791824,12,0.0014388688059408343,8,0.001040734372841759,2,-0.03173042482925581,-0.022975041852296485,,0.0,0.0013912746729824528,,0.022232623529649165,0.04354814501566332,0.07763519719164591,0.03408705217598259,0.0531582042295375,0.017356100804474694,0.03888576392798141,0.06292554213321352,0.024039778205232114,0.03936522253483016,0.02099142265435839,0.5327245703171045|0.8206404364951531|0.7336654682525307,0.8083363389274685|0.5275977688277814|0.6252841317814694,0.37936598538120325|0.4888540407955415|0.611027178854026,0.0,0.0,0.0,0,0
53,,,,0.0,,0.0,0.0,0.0,0.7077512730621903,0.0,0.0,0.0,0,False,constraint_required_more,2,2,0,2,0,2,2,,0.1641065590083599,0.002678836928680539,0.13180975802242756,0.019042273052036762,,0.13180975802242756,0.7077512730621903,0.7077512730621903,,,1.0,1.0,0,0.0,0.0,0,0,0,False,0.0014419630635370898,0.03474950503217197,14,0.0014419630635370898,10,0.000997123977361583,2,-0.03285308299790479,-0.02302214366624611,,0.0,0.0013656786516319766,,0.0220936518457533,0.0439225774101812,0.07834280134952552,0.034420223939344324,0.05217591697062771,0.01701675783413103,0.03883741285180156,0.06313451055364941,0.024297097701847847,0.03949967841657754,0.020996890770531407,0.5286448964584511|0.806968548226364|0.7352888523944817,0.8024278885898302|0.5233032261799795|0.6381567017381501,0.37483903629540305|0.48658334078240384|0.624102891657844,0.0,0.0,0.0,0,0
54,,,,0.0,,0.0,0.0,0.0,0.697344554460687,0.0,0.0,0.0,0,False,constraint_required_more,2,2,0,2,0,2,2,,0.16402486292645335,0.0027835110668092966,0.13152738893404603,0.01912631094455719,,0.13152738893404603,0.697344554460687,0.697344554460687,,,1.0,1.0,0,0.0,0.0,0,0,0,False,0.001719645941193837,0.03534274047239794,15,0.001719645941193837,10,0.0010161047314159039,3,-0.03281344090200555,-0.022983681616075557,,0.0,0.0013600721844067559,,0.021972375565269157,0.04456305780223359,0.07816095262730843,0.033597894825074845,0.05169727855256418,0.016950545186870107,0.03914922911374541,0.06326029853665498,0.024111069422909567,0.03909463444481301,0.02078485935310579,0.523916578130235|0.7934991192676183|0.7368057903899767,0.7975701238017829|0.5165480889097235|0.648617777236392,0.37004053043678387|0.48107458115288576|0.6367741408639578,0.0,0.0,0.0,0,0
55,,,,0.0,,0.0,0.0,0.0,0.6908992514781188,0.0,0.0,0.0,0,False,constraint_required_more,2,2,0,2,0,2,2,,0.18484108592383564,0.0027477270923554897,0.15278856200166047,0.01891261199489236,,0.15278856200166047,0.6908992514781188,0.6908992514781188,,,1.0,1.0,0,0.0,0.0,0,0,0,False,0.001606527333269478,0.0356003392672197,13,0.001606527333269478,9,0.000995008159281524,2,-0.032261831787364414,-0.02322413499388709,,0.0,0.001344062152121606,,0.021889813819707366,0.045977777571562344,0.07842189467915553,0.032444117107593186,0.05095768793283197,0.01675196743210132,0.039528284363214,0.06306720473241208,0.02353892036919808,0.03813559148033264,0.0210296853315444,0.5201432739940954|0.7799023585781815|0.737956255400951,0.793712737002912|0.5093866494785273|0.6587411628235009,0.36607075735742556|0.474788873910508|0.6459624318351955,0.0,0.0,0.0,0,0
56,,,,0.0,,0.0,0.0,0.0,0.6955719041704133,0.0,0.0,0.0,0,False,constraint_required_more,2,2,0,2,0,2,2,,0.16065186285413802,0.002754915039986372,0.12944642617367208,0.018324695993214846,,0.12944642617367208,0.6955719041704133,0.6955719041704133,,,1.0,1.0,0,0.0,0.0,0,0,0,False,0.0014458746519709458,0.035645961246104585,13,0.0014458746519709458,9,0.0010701168028332125,2,-0.032605605570317664,-0.02346825074002723,,0.0,0.0013488643053588935,,0.022000012486633573,0.046856424441654033,0.07967466521674277,0.032818240775088735,0.05144803056545659,0.01734262451320871,0.040072941428593856,0.06282531299829515,0.022752371569701293,0.03714121262525049,0.021246982451735407,0.5184264686661915|0.7658702682364561|0.7392754087802732,0.7883152320407374|0.5043308750081139|0.6659415343518548,0.362589988538896|0.4668406718781128|0.6525409978112091,0.0,0.0,0.0,0,0
57,,,,0.0,,0.0,0.0,0.0,0.7031938639759452,0.0,0.0,0.0,0,False,constraint_required_more,2,2,0,2,0,2,2,,0.16011145198717713,0.0027296370826661587,0.12879944196902215,0.01842998806387186,,0.12879944196902215,0.7031938639759452,0.7031938639759452,,,1.0,1.0,0,0.0,0.0,0,0,0,False,0.002646672220761641,0.03613601453425483,15,0.002646672220761641,10,0.000957145385700714,2,-0.031870399994728515,-0.023933860663920115,,0.0,0.0013420270977899701,,0.022124430904424695,0.047106205861016825,0.08080459949608726,0.033698393635070434,0.05708510480342969,0.017486866063265185,0.04059147177297748,0.06249956212840472,0.02190809035542724,0.036332024785314894,0.021583901052613496,0.5157406265604259|0.7536756238291957|0.7402488813159938,0.7844904877025014|0.5037085150540757|0.669223264204885,0.3596505457685242|0.45770792172736546|0.6565028806748363,0.0,0.0,0.0,0,0
58,,,,0.0,,0.0,0.0,0.0,0.7142168327454583,0.0,0.0,0.0,0,False,constraint_required_more,2,2,0,2,0,2,2,,0.16079594800248742,0.002664809813722968,0.1295349330175668,0.018405700102448463,,0.1295349330175668,0.7142168327454583,0.7142168327454583,,,1.0,1.0,0,0.0,0.0,0,0,0,False,0.002029820844258571,0.03692514812752665,15,0.002029820844258571,11,0.0009968883285418478,1,-0.0304365867210592,-0.02495233955268894,,0.0,0.0013384710798621554,,0.022292507310302013,0.04747470353695365,0.08208323866285358,0.03460853512589993,0.058852175647115756,0.01760854075231742,0.041238220421284645,0.061888991132620995,0.02065077071133635,0.03517186964143674,0.02186668471552855,0.5145078043928205|0.7411394479745693|0.7385869253185151,0.7817562487816061|0.4936658090489574|0.6703193420556653,0.35751103690309044|0.44783752865995463|0.6581108060751069,0.0,0.0,0.0,0,0
59,,,,0.0,,0.0,0.0,0.0,0.7119996017138887,0.0,0.0,0.0,0,False,constraint_required_more,2,2,0,2,0,2,2,,0.160779588855803,0.002766145160421729,0.1294323611073196,0.018472387921065092,,0.1294323611073196,0.7119996017138887,0.7119996017138887,,,1.0,1.0,0,0.0,0.0,0,0,0,False,0.0014775600510814856,0.03780531190108835,18,0.0014775600510814856,14,0.0009300901018418489,1,-0.03019134551604452,-0.02589823086709586,,0.0,0.0013341902090499315,,0.02228165303044539,0.04783961738034645,0.0828132247001505,0.03497360731980405,0.05892803045752413,0.01740757535368829,0.041370924921126,0.06108337668837505,0.019712451767249055,0.03449269124972556,0.022099171826301507,0.5127042412116029|0.7272341805041649|0.7359540838476408,0.7783096462046524|0.48190598975401844|0.671214103923631,0.35512813035341817|0.43536867286209197|0.6583485226055329,0.0,0.0,0.0,0,0
60,,,,0.0,,0.0,0.0,0.0,0.7083063660595228,0.0,0.0,0.0,0,False,constraint_required_more,2,2,0,2,0,2,2,,0.15964749897830188,0.0027298599015921354,0.12836899305693805,0.018409029114991426,,0.12836899305693805,0.7083063660595228,0.7083063660595228,,,1.0,1.0,0,0.0,0.0,0,0,0,False,0.0015107023306823973,0.03881784423823412,17,0.0015107023306823973,12,0.00102094583822393,2,-0.029963121785781865,-0.024173851063427065,,0.0,0.0013316345119201536,,0.02224859409264937,0.04849226055337269,0.08286935196396164,0.03437709141058895,0.059276462716962734,0.017302219210193995,0.041350422090621605,0.06252609028584134,0.021175668195219738,0.03937704283076816,0.022119926707462132,0.5111962536779062|0.7133140108356724|0.7333057723895618,0.7740913552177722|0.47036080279482345|0.6694717722612407,0.35160334837302404|0.4233868032229659|0.6550930289890676,0.0,0.0,0.0,0,0
61,,,,0.0,,0.0,0.0,0.0,0.6940937891692792,0.0,0.0,0.0,0,False,constraint_required_more,2,2,0,2,0,2,2,,0.16042497707530856,0.0030557471327483654,0.12894972995854914,0.01829528994858265,,0.12894972995854914,0.6940937891692792,0.6940937891692792,,,1.0,1.0,0,0.0,0.0,0,0,0,False,0.0016842010777045127,0.03967787662045291,12,0.0016842010777045127,7,0.0010177004850351334,2,-0.03021131918686848,-0.024697321383193582,,0.0,0.0013286475972273059,,0.022061497652479157,0.04899456267311318,0.08268997358236614,0.03369541090925296,0.05850142833996633,0.017313270556943008,0.04132883089483988,0.061705704111163905,0.020376873216324025,0.03796712358352918,0.022183174893942746,0.5094174738898721|0.6979057243736333|0.7302609989047019,0.7700806644490464|0.457322403611786|0.6686176571244393,0.3487020622185008|0.40795638206543283|0.6540415704448085,0.0,0.0,0.0,0,0
62,,,,0.0,,0.0,0.0,0.0,0.6835825420685215,0.0,0.0,0.0,0,False,constraint_required_more,2,2,0,2,0,2,2,,0.16054274910129607,0.0027883730363100767,0.1288366678636521,0.018611948005855083,,0.1288366678636521,0.6835825420685215,0.6835825420685215,,,1.0,1.0,0,0.0,0.0,0,0,0,False,0.0014722658059739165,0.0406805261183264,13,0.0014722658059739165,8,0.0010317863669194738,2,-0.029899993393618374,-0.027828904480120542,,0.0,0.0013215211769034719,,0.02192615646624231,0.049394518204468864,0.08367471301649877,0.03428019481202991,0.05781736314993676,0.017115146399740874,0.04091367850967092,0.05844522308542268,0.017531544575751762,0.03501874051142031,0.022204052185295,0.5109262011690002|0.6822135033823961|0.7271495895687747,0.7667091904036432|0.4428999388136152|0.6664439930797431,0.3477549430785436|0.3909439001015077|0.6557760281820856,0.0,0.0,0.0,0,0
63,,,,0.0,,0.0,0.0,0.0,0.6717639726707404,0.0,0.0,0.0,0,False,constraint_required_more,2,2,0,2,0,2,2,,0.16000746400095522,0.0028050339315086603,0.12866215500980616,0.018347295932471752,,0.12866215500980616,0.6717639726707404,0.6717639726707404,,,1.0,1.0,0,0.0,0.0,0,0,0,False,0.0026702620493455342,0.04125481741416695,11,0.0013166628281883613,6,0.0026702620493455342,2,-0.02982901705670926,-0.027820186304914785,,0.0,0.0013107714731431432,,0.021769281776349098,0.049733938832591626,0.08547768993238279,0.035743751099791166,0.05582891248179198,0.017109462028165105,0.04040591621269891,0.05808870233288111,0.017682786120182203,0.0348609038745297,0.022066726504544647,0.5117641731651835|0.6656294043310973|0.7245380704350937,0.7635351651652194|0.4256467706602556|0.6647845320672058,0.3449270749198181|0.3756177707947807|0.6567579269678205,0.0,0.0,0.0,0,0
64,,,,0.0,,0.0,0.0,0.0,0.6686950649102342,0.0,0.0,0.0,0,False,constraint_required_more,2,2,0,2,0,2,2,,0.16020732815377414,0.002791302977129817,0.1285948979202658,0.018598444992676377,,0.1285948979202658,0.6686950649102342,0.6686950649102342,,,1.0,1.0,0,0.0,0.0,0,0,0,False,0.002290956962961388,0.0419238308537036,11,0.0013189585452550168,6,0.002290956962961388,2,-0.029770789430584088,-0.02755775389204196,,0.0,0.001266814894311784,,0.02174784079101729,0.05013678328391289,0.08540925578868484,0.03527247250477195,0.054228739038688106,0.01713912191063505,0.03949828466078453,0.05772868772085748,0.018230403060072946,0.03501369513851246,0.021904951914941885,0.5133066342342222|0.6477913867616637|0.7223114264452067,0.760683294740299|0.4080286518441294|0.663415824502559,0.3425813744615505|0.35985006661613317|0.6581065737196967,0.0,0.0,0.0,0,0
65,,,,0.0,,0.0,0.0,0.0,0.667235381884489,0.0,0.0,0.0,0,False,constraint_required_more,2,2,0,2,0,2,2,,0.16037116409279406,0.0027889851480722427,0.12878812802955508,0.018545666942372918,,0.12878812802955508,0.667235381884489,0.667235381884489,,,1.0,1.0,0,0.0,0.0,0,0,0,False,0.0027909219940609187,0.04199790760426711,11,0.0017101013844099226,6,0.0027909219940609187,2,-0.029776228752966816,-0.027467169481635523,,0.0,0.001355628650107209,,0.021716473018211262,0.05044326989977869,0.08562032339076474,0.03517705349098605,0.05372816631434203,0.01725930978144942,0.03849170584953987,0.057569467509644645,0.019077761660104775,0.03594676849010057,0.0215372502670188,0.5143914791321648|0.6278016486753453|0.721996391183257,0.7588270943277828|0.3896711075972964|0.6637113055426909,0.3405779451266283|0.3439840496431393|0.660460014340596,0.0,0.0,0.0,0,0
66,,,,0.0,,0.0,0.0,0.0,0.6833557664501194,0.0,0.0,0.0,0,False,constraint_required_more,2,2,0,2,0,2,2,,0.16200620192103088,0.0027909730561077595,0.13116297498345375,0.018060876987874508,,0.13116297498345375,0.6833557664501194,0.6833557664501194,,,1.0,1.0,0,0.0,0.0,0,0,0,False,0.0025088533169912025,0.041743600851289836,10,0.001706449286194945,5,0.0025088533169912025,2,-0.029828029003327927,-0.02511352266368405,,0.0,0.0014170521003990806,,0.021892175119795895,0.051031612626181985,0.0839290669588171,0.03289745433263512,0.05374161760942908,0.017410783455060717,0.0376196995923931,0.06019688840472947,0.02257718881233637,0.03975560528272953,0.021691665173231536,0.515935065179675|0.6087257239845202|0.7236979827185837,0.757808336719551|0.3706938853459109|0.6659659399753066,0.33743978646913275|0.3302130412798586|0.6613889013435889,0.0,0.0,0.0,0,0
67,,,,0.0,,0.0,0.0,0.0,0.6949369930975465,0.0,0.0,0.0,0,False,constraint_required_more,2,2,0,2,0,2,2,,0.18377661588601768,0.0027971260715276003,0.15295787900686264,0.018103959038853645,,0.15295787900686264,0.6949369930975465,0.6949369930975465,,,1.0,1.0,0,0.0,0.0,0,0,0,False,0.0016757294798818191,0.04175067180940065,8,0.0016757294798818191,3,0.0009139842453823044,2,-0.029753569400165603,-0.02540919196220237,,0.0,0.0014220123637242118,,0.022106866605161937,0.052160158948375626,0.0832821038828963,0.031121944934520668,0.05264086243191602,0.01742927716908404,0.037032972472281,0.06046820061418619,0.023435228141905184,0.03838885713925308,0.02204092411614465,0.5182642426275609|0.5885350189263173|0.7234491805202102,0.7567921501273065|0.3488945797211799|0.6679412687874057,0.33607641072870315|0.3132235570155263|0.6649949366297736,0.0,0.0,0.0,0,0
68,,,,0.0,,0.0,0.0,0.0,0.7075694289562898,0.0,0.0,0.0,0,False,constraint_required_more,2,2,0,2,0,2,2,,0.16076677711680532,0.0027876337990164757,0.13017538911662996,0.01794188399799168,,0.13017538911662996,0.7075694289562898,0.7075694289562898,,,1.0,1.0,0,0.0,0.0,0,0,0,False,0.0016410555480642214,0.042532661413525324,7,0.0016410555480642214,3,0.0009958980270232537,1,-0.02980048004969227,-0.026445376745968474,,0.0,0.0014337516557535737,,0.02225933304827475,0.053379002177505394,0.08335522497994766,0.029976222802442262,0.05084778202104613,0.017428316546305306,0.03671912429589608,0.06075694537557227,0.02403782107967619,0.038894893297684786,0.022102226193180197,0.5211086476559136|0.5682435481638317|0.7241545338007271,0.7558030952479936|0.3251967040085495|0.6708151626327205,0.33455145857847274|0.2960827003621241|0.6713331867677841,0.0,0.0,0.0,0,0
69,,,,0.0,,0.0,0.0,0.0,0.7497713390798022,0.0,0.0,0.0,0,False,constraint_required_more,2,2,0,2,0,2,2,,0.15991115500219166,0.002803283976390958,0.12901357095688581,0.018062673043459654,,0.12901357095688581,0.7497713390798022,0.7497713390798022,,,1.0,1.0,0,0.0,0.0,0,0,0,False,0.00547494243668345,0.043242915182765324,10,0.00547494243668345,4,0.0010602283163935189,2,-0.029868806365133338,-0.02944615363735359,,0.0,0.0014619083240752888,,0.02258363818555448,0.05388450247948265,0.08309888646723783,0.02921438398775518,0.050118184163125905,0.017328380246585243,0.03700867742774968,0.05957394922197375,0.022565271794224073,0.0379066927730638,0.022477282834373873,0.524133900431863|0.5479988779397316|0.7250103988000532,0.7550634524604811|0.30180945728592923|0.6746610845332391,0.3345678969549812|0.2785498590910165|0.6792145782188398,0.0,0.0,0.0,0,0
70,,,,0.0,,0.0,0.0,0.0,0.8469907098651672,0.0,0.0,0.0,0,False,constraint_required_more,2,2,0,2,0,2,2,,0.1558388110715896,0.002787949051707983,0.12559042614884675,0.01767913904041052,,0.12559042614884675,0.8469907098651672,0.8469907098651672,,,1.0,1.0,0,0.0,0.0,0,0,0,False,0.001556116136468673,0.04431496186154488,9,0.001556116136468673,4,0.0009698491993401226,1,-0.029625632387421774,-0.026369412467019515,,0.0,0.0014277197412902558,,0.023178118864988054,0.054745524450562334,0.08291371211062178,0.028168187660059442,0.04969266613837288,0.01720651107482145,0.03771509751251009,0.06448370832686408,0.026768610814353985,0.03969128652080445,0.023010899895834696,0.5267442061989437|0.5293268183759069|0.7252302029092108,0.7550256905574912|0.27933939997815344|0.6793372651225769,0.333108428694515|0.2677497253068193|0.678675827099377,0.0,0.0,0.0,0,0
71,,,,0.0,,0.0,0.0,0.0,0.7280788291406751,0.0,0.0,0.0,0,False,constraint_required_more,2,2,0,2,0,2,2,,0.1526660011149943,0.0027844139840453863,0.12188892695121467,0.018015990033745766,,0.12188892695121467,0.7280788291406751,0.7280788291406751,,,1.0,1.0,0,0.0,0.0,0,0,0,False,0.003440483285801099,0.04033329932622484,9,0.003440483285801099,5,0.0009311292604937821,1,-0.03252817440315603,-0.028085637903114247,,0.0,0.0013100166136619945,,0.022299185753192688,0.055322868465104334,0.08024492700483972,0.024922058539735385,0.04900611735113541,0.017802594947327225,0.03816458677540281,0.05982742793429208,0.021662841158889265,0.03674832629380121,0.02150484988298499,0.5269821013985997|0.4991303705830668|0.7320640678978951,0.7546847494247735|0.25807741115739363|0.69115798543928,0.3330027252058457|0.24326639405119815|0.6870776809464402,0.0,0.0,0.0,0,0
72,,,,0.0,,0.0,0.0,0.0,0.6873519196753267,0.0,0.0,0.0,0,False,constraint_required_more,2,2,0,2,0,2,2,,0.15052031306549907,0.002782456111162901,0.11960851098410785,0.018066385062411427,,0.11960851098410785,0.6873519196753267,0.6873519196753267,,,1.0,1.0,0,0.0,0.0,0,0,0,False,0.0019843110722542606,0.03525717381744714,11,0.0019843110722542606,7,0.000942488581731446,1,-0.03063032662874221,-0.028489911420342295,,0.0,0.0012141982057151178,,0.022018936180644003,0.055568303809093826,0.08084299580672158,0.025274691997627753,0.04944393865674629,0.017656293634468113,0.03799352123234755,0.05884524547486575,0.020851724242518195,0.03549672200423117,0.021192385860959412,0.5306591386111122|0.47852794998996817|0.7345187277848383,0.7537028109148004|0.23712217394595184|0.6922545888381229,0.3331290580808374|0.2251416612462383|0.6906965708127001,0.0,0.0,0.0,0,0
73,,,,0.0,,0.0,0.0,0.0,0.6567780643527005,0.0,0.0,0.0,0,False,constraint_required_more,2,2,0,2,0,2,2,,0.14984143897891045,0.0027425610460340977,0.11888876603916287,0.018091826932504773,,0.11888876603916287,0.6567780643527005,0.6567780643527005,,,1.0,1.0,0,0.0,0.0,0,0,0,False,0.0019990697383307776,0.034618491701422754,12,0.0019990697383307776,8,0.0010097773512765251,1,-0.030297043405402846,-0.028488380377906353,,0.0,0.001114631306674796,,0.02177353210018188,0.05525468948402768,0.0804255514144427,0.02517086193041502,0.04954855773480378,0.017842197410832532,0.037862509163204494,0.058949797356375955,0.02108728819317146,0.03571264053671629,0.020826830274833442,0.5343029562066385|0.46013212837897766|0.7370825817548138,0.7526574701262945|0.21682178589784468|0.6939807468367489,0.3320838564322727|0.2083606270267114|0.6949603635727218,0.0,0.0,0.0,0,0
74,,,,0.0,,0.0,0.0,0.0,0.6574284441601755,0.0,0.0,0.0,0,False,constraint_required_more,2,2,0,2,0,2,2,,0.15094317495822906,0.0027203820645809174,0.11888299114070833,0.018952443962916732,,0.11888299114070833,0.6574284441601755,0.6574284441601755,,,1.0,1.0,0,0.0,0.0,0,0,0,False,0.004916916280791703,0.035342736270271374,12,0.004916916280791703,8,0.0010740276550076228,1,-0.031016456687597227,-0.030203811259003288,,0.0,0.0011223757404609119,,0.02181452897224668,0.0552517462021013,0.08108895810628261,0.025837211904181312,0.04684037840112835,0.018547303730494333,0.03773448116883345,0.057725290791155154,0.019990809622321706,0.03503232496736368,0.020107547630710713,0.5365241623510132|0.44022668642705515|0.7373449929329604,0.7505707497126798|0.1938882890285028|0.6967559210445438,0.33210235936071786|0.19101815474317896|0.6984954532073145,0.0,0.0,0.0,0,0
75,,,,0.0,,0.0,0.0,0.0,0.6657424243570611,0.0,0.0,0.0,0,False,constraint_required_more,2,2,0,2,0,2,2,,0.15471385512501,0.0027482728473842144,0.12240530806593597,0.01911636791191995,,0.12240530806593597,0.6657424243570611,0.6657424243570611,,,1.0,1.0,0,0.0,0.0,0,0,0,False,0.004587227196784172,0.035458350183070086,12,0.004587227196784172,8,0.0011420704411920918,1,-0.03098354720056129,-0.02988785820044093,,0.0,0.001112698074577961,,0.02193568263699752,0.05504233004156982,0.08162414857943166,0.026581818537861845,0.04605017272515302,0.01864335086420212,0.03780574298591345,0.05793132835277902,0.020125585366865567,0.03745932003563074,0.020116817138388886,0.5389393914120737|0.42214709929929317|0.7381334976251326,0.7491145962071464|0.17254078596244965|0.6985115982228552,0.3303785200710965|0.17421408142403935|0.701643679620054,0.0,0.0,0.0,0,0
76,,,,0.0,,0.0,0.0,0.0,0.661584731008735,0.0,0.0,0.0,0,False,constraint_required_more,2,2,0,2,0,2,2,,0.16104705608449876,0.002736779162660241,0.12749448185786605,0.019915536046028137,,0.12749448185786605,0.661584731008735,0.661584731008735,,,1.0,1.0,0,0.0,0.0,0,0,0,False,0.004297472824753998,0.035946680177112306,14,0.004297472824753998,8,0.0010009673809957542,1,-0.0310919277989683,-0.029283133191400523,,0.0,0.0011120803839849943,,0.02182453375972272,0.05502234518738768,0.08189909433985353,0.026876749152465844,0.04538415927026523,0.0184342816192238,0.037929833137146575,0.058023846236421026,0.02009401309927445,0.03737341361494901,0.0196402515941756,0.5393617515894431|0.4034376031065012|0.7367946847011938,0.7472571707575246|0.1517411067173195|0.6989932459629173,0.3288184291640028|0.15694357216475938|0.7026417749387095,0.0,0.0,0.0,0,0
77,,,,0.0,,0.0,0.0,0.0,0.6492154236792873,0.0,0.0,0.0,0,False,constraint_required_more,2,2,0,2,0,2,2,,0.16900547896511853,0.0027643111534416676,0.13561770599335432,0.019913722993806005,,0.13561770599335432,0.6492154236792873,0.6492154236792873,,,1.0,1.0,0,0.0,0.0,0,0,0,False,0.001449581891235216,0.03673092127824215,13,0.001449581891235216,8,0.0009611445096808779,1,-0.030784839915073192,-0.02613514526714411,,0.0,0.0014192953058970467,,0.021574128373968878,0.054896188116882357,0.08229074236166628,0.027394554244783924,0.04580102155760908,0.01850058140467037,0.037866171346140474,0.06203570082148088,0.024169529475340408,0.040485843027533656,0.01883395938322662,0.5363064186338231|0.38396796212851386|0.7354389123578164,0.74676388876947|0.13129993863005215|0.6996839934212233,0.32639920791449384|0.14401553968704137|0.6994653049255714,0.0,0.0,0.0,0,0
78,,,,0.0,,0.0,0.0,0.0,0.6463908311909891,0.0,0.0,0.0,0,False,constraint_required_more,2,2,0,2,0,2,2,,0.19638122990727425,0.002764330944046378,0.16161319892853498,0.020715784979984164,,0.16161319892853498,0.6463908311909891,0.6463908311909891,,,1.0,1.0,0,0.0,0.0,0,0,0,False,0.004692787542225588,0.037499595999601815,15,0.004692787542225588,10,0.00097718467594185,1,-0.03022106540123559,-0.029086877679539214,,0.0,0.0014446617543423439,,0.021493771173263766,0.05424781529848365,0.08189548343252898,0.027647668134045324,0.049941943340058206,0.01827133698373876,0.038394989384729065,0.05784935513219545,0.01945436574746638,0.03763394963256098,0.019090117809082312,0.5394805034465163|0.36650358508159003|0.7336396163400696,0.7456838413587615|0.11190621302114967|0.6967076075498356,0.32645402595000217|0.12261622585111442|0.7029802473031335,0.0,0.0,0.0,0,0
79,,,,0.0,,0.0,0.0,0.0,0.6565751555615448,0.0,0.0,0.0,0,False,constraint_required_more,2,2,0,2,0,2,2,,0.1672174478881061,0.0027436569798737764,0.1356013799086213,0.01858450099825859,,0.1356013799086213,0.6565751555615448,0.6565751555615448,,,1.0,1.0,0,0.0,0.0,0,0,0,False,0.0016750189635608946,0.03791063452185983,13,0.0016750189635608946,10,0.0009366262882428422,1,-0.03033428095212365,-0.02623951369668731,,0.0,0.0014213761298111506,,0.02165100231414684,0.053541845803466416,0.07996273504595904,0.02642088924249262,0.05181218554724654,0.018455881821200833,0.03885015828802071,0.06099816684067525,0.022148008552654544,0.04030463974519651,0.01937947338643103,0.5390251397623369|0.35065551043156923|0.7342358482983109,0.7448474904959512|0.09342906131554282|0.6947742796037499,0.3238686314460291|0.10849943145793908|0.6994056151269372,0.0,0.0,0.0,0,0
80,,,,0.0,,0.0,0.0,0.0,0.6908754351377557,0.0,0.0,0.0,0,False,constraint_required_more,2,2,0,2,0,2,2,,0.16068247612565756,0.002746758982539177,0.12993037980049849,0.018181657884269953,,0.12993037980049849,0.6908754351377557,0.6908754351377557,,,1.0,1.0,0,0.0,0.0,0,0,0,False,0.0014600801143098106,0.03851186920430061,14,0.0014600801143098106,10,0.0009343919973858472,1,-0.030370589898438993,-0.026419967866143423,,0.0,0.001443132075623135,,0.021975418766511046,0.05281163420317074,0.07854323555901818,0.02573160135584744,0.05413552699261467,0.018744324838136515,0.03909757151750115,0.06073339783414636,0.021635826316645207,0.04009350375905802,0.0197801089187804,0.5392057678521982|0.33409232430068314|0.7328801880493507,0.7433990050263338|0.07436510043671438|0.6909165213413847,0.323418442572212|0.09193161239251005|0.6953913189628428,0.0,0.0,0.0,0,0
81,,,,0.0,,0.0,0.0,0.0,0.7048457897083086,0.0,0.0,0.0,0,False,constraint_required_more,2,2,0,2,0,2,2,,0.16303526889532804,0.002739835064858198,0.13138566398993134,0.018743169959634542,,0.13138566398993134,0.7048457897083086,0.7048457897083086,,,1.0,1.0,0,0.0,0.0,0,0,0,False,0.001494703088450372,0.03877466665624049,18,0.001494703088450372,14,0.0009536239576797279,1,-0.030561080050187428,-0.026578871983984342,,0.0,0.0014566529050163224,,0.022075867861247586,0.05296259291520634,0.07859239388879777,0.02562980097359143,0.0560577089320996,0.01904145727693708,0.03961493467729736,0.060930452021817766,0.021315517344520404,0.039455051676025026,0.019795221202527444,0.5385731819161289|0.3176918564051655|0.7314939285172589,0.7423166930115793|0.053032233719020674|0.688559610511121,0.3224246047144984|0.07604442927879966|0.6902426131272914,0.0,0.0,0.0,0,0
82,,,,0.0,,0.0,0.0,0.0,0.6955661097776608,0.0,0.0,0.0,0,False,constraint_required_more,2,2,0,2,0,2,2,,0.16321083204820752,0.0027513348031789064,0.13222169503569603,0.018695079954341054,,0.13222169503569603,0.6955661097776608,0.6955661097776608,,,1.0,1.0,0,0.0,0.0,0,0,0,False,0.001498752607966447,0.039208138328942654,14,0.001498752607966447,10,0.0009434147223863487,1,-0.03036930143289318,-0.026760157094646075,,0.0,0.0014237634735001353,,0.021986246612737032,0.05349538631266275,0.07904230136220919,0.02554691504954644,0.056374312745887126,0.019054067814564205,0.03953561794581501,0.06066338527205372,0.02112776732623871,0.039334618820495514,0.019767136866236625,0.5371247261677173|0.299760486119734|0.7293426978437382,0.7407686399694942|0.03204970877326904|0.6847851014742051,0.3209863438196049|0.05899234135915454|0.6848903649458367,0.0,0.0,0.0,0,0
83,,,,0.0,,0.0,0.0,0.0,0.6757038276289565,0.0,0.0,0.0,0,False,constraint_required_more,2,2,0,2,0,2,2,,0.15460911486297846,0.0027451838832348585,0.12474712799303234,0.017448931001126766,,0.12474712799303234,0.6757038276289565,0.6757038276289565,,,1.0,1.0,0,0.0,0.0,0,0,0,False,0.0015669335718767642,0.04008356551410516,14,0.0015669335718767642,10,0.0009016413931539347,1,-0.030152647215052397,-0.026583260667331743,,0.0,0.001414501523925586,,0.021767546932237713,0.05423468429844837,0.08038210136144394,0.026147417062995573,0.055917293599860744,0.018814533068879383,0.03948351861285519,0.06060157541509987,0.021118056802244677,0.03916263113349406,0.019916877182796215,0.5342367193892977|0.2799241776227348|0.7266037696034754,0.7390907322078221|0.009988929087291862|0.6818776614275823,0.3186161865538811|0.04073907497930594|0.6796739071706337,0.0,0.0,0.0,0,0
84,,,,0.0,,0.0,0.0,0.0,0.6653024325847902,0.0,0.0,0.0,0,False,constraint_required_more,2,2,0,2,0,2,2,,0.15404952294193208,0.00273611000739038,0.12419201992452145,0.01747369021177292,,0.12419201992452145,0.6653024325847902,0.6653024325847902,,,1.0,1.0,0,0.0,0.0,0,0,0,False,0.0017165744429295665,0.0406746084512736,12,0.0017165744429295665,8,0.0009569407801995888,1,-0.030146028809889813,-0.026395447091189794,,0.0,0.0014077640396569118,,0.021635866855479243,0.05392009683769248,0.0804331778648282,0.026513081027135725,0.056413548779970075,0.018796672367724854,0.03952623391725996,0.06090118807899752,0.021374954161737555,0.03973138723848586,0.020167733186073504,0.531402545417304|0.25913168841003437|0.7258996722862121,0.7367950404918897|-0.009560683450915944|0.678856665341068,0.3156960209110956|0.02207353350746439|0.6756114634537231,0.0,0.0,0.0,0,0
85,,,,0.0,,0.0,0.0,0.0,0.6828554939514964,0.0,0.0,0.0,0,False,constraint_required_more,2,2,0,2,0,2,2,,0.15365266101434827,0.002746604150161147,0.1237517879344523,0.017482422990724444,,0.1237517879344523,0.6828554939514964,0.6828554939514964,,,1.0,1.0,0,0.0,0.0,0,0,0,False,0.0017120065593307504,0.04086852688480508,8,0.0017120065593307504,4,0.0009265896766331161,1,-0.030277339486893595,-0.02630528104836216,,0.0,0.0014048047545644803,,0.021854651234677544,0.052944634894628216,0.08049316894030761,0.027548534045679397,0.056567463895492526,0.018963070351320815,0.03941355537398549,0.06145094957284895,0.022037394198863455,0.04051819650277419,0.020600827872261883,0.5290216070065917|0.23725758723228654|0.7267120278569577,0.7345957590775152|-0.02934000308096862|0.6776818909800598,0.3126757146082136|0.0028359077011195118|0.6730296210333739,0.0,0.0,0.0,0,0
86,,,,0.0,,0.0,0.0,0.0,0.7039207645238799,0.0,0.0,0.0,0,False,constraint_required_more,2,2,0,2,0,2,2,,0.15643014619126916,0.0028060670010745525,0.12659680005162954,0.017368066124618053,,0.12659680005162954,0.7039207645238799,0.7039207645238799,,,1.0,1.0,0,0.0,0.0,0,0,0,False,0.0017023971584955132,0.041231893735807545,8,0.0017023971584955132,4,0.0009200048921397252,1,-0.03118793204660264,-0.028691251735427414,,0.0,0.0013911975381833681,,0.022133037317499056,0.052335570968175225,0.07935754846233992,0.02702197749416469,0.05686557186644127,0.01942154943281486,0.03957457891397682,0.05975537797255872,0.020180799058581902,0.03821404011831653,0.020962845492176432,0.5263040205703869|0.21587720902784618|0.7288088951270703,0.7320778883526703|-0.04814291577803895|0.678092313048918,0.310615528723019|-0.019888462799606307|0.6736795730482029,0.0,0.0,0.0,0,0
87,,,,0.0,,0.0,0.0,0.0,0.7377401293812752,0.0,0.0,0.0,0,False,constraint_required_more,2,2,0,2,0,2,2,,0.15470781503245234,0.0027638229075819254,0.12499420694075525,0.017302297055721283,,0.12499420694075525,0.7377401293812752,0.7377401293812752,,,1.0,1.0,0,0.0,0.0,0,0,0,False,0.0020415776436829985,0.04165467996576136,8,0.0020415776436829985,4,0.0009022293504268031,1,-0.031987881821207154,-0.026886976247494587,,0.0,0.0014679691255016143,,0.022522602227213428,0.05202448067509307,0.07838686227942883,0.02636238160433576,0.0566982583845624,0.019666015348841145,0.0394933665107388,0.06199238095550386,0.022499014444765063,0.039703318410152066,0.020985609944265307,0.5223117577614135|0.1931311577286205|0.7313729930170793,0.7306721262614266|-0.06746384118573555|0.6814724785845071,0.307009630183043|-0.040638941364602166|0.6715363323805693,0.0,0.0,0.0,0,0
88,,,,0.0,,0.0,0.0,0.0,0.7629322751527816,0.0,0.0,0.0,0,False,constraint_required_more,2,2,0,2,0,2,2,,0.15333492401987314,0.00274849496781826,0.12336653703823686,0.017473856918513775,,0.12336653703823686,0.7629322751527816,0.7629322751527816,,,1.0,1.0,0,0.0,0.0,0,0,0,False,0.002427440940232159,0.04235766584568912,8,0.002427440940232159,4,0.000899811609368098,1,-0.03225438787646695,-0.026849938076917823,,0.0,0.0014306066687719348,,0.022770556732162564,0.05167485160244185,0.07865353694747709,0.026978685345035246,0.05336751110686767,0.019875397751961912,0.039589975463028844,0.06195791802520531,0.022367942562176467,0.03876312433662683,0.020809360652167826,0.5169110731750302|0.17198135310906426|0.730408341477053,0.7293417760051644|-0.0873871500638001|0.682968457325247,0.30515560334378794|-0.06419503059880796|0.671105172583809,0.0,0.0,0.0,0,0
89,,,,0.0,,0.0,0.0,0.0,0.7367540937821496,0.0,0.0,0.0,0,False,constraint_required_more,2,2,0,2,0,2,2,,0.15091476496309042,0.0027707181870937347,0.12065667985007167,0.017600299092009664,,0.12065667985007167,0.7367540937821496,0.7367540937821496,,,1.0,1.0,0,0.0,0.0,0,0,0,False,0.002376213769510971,0.03993013123976319,8,0.002376213769510971,4,0.0009310173221299678,1,-0.03142894679687913,-0.03095073747164001,,0.0,0.001353437623846405,,0.02233399466986782,0.051297621187728105,0.08121538971674293,0.029917768529014822,0.05125639452984649,0.019275950606062388,0.0399114196952542,0.05919961770607433,0.01928819801082013,0.03695373342244578,0.021320755352616037,0.5197596611502963|0.14627172347936054|0.7337453255737646,0.7288035492939439|-0.1092201525659991|0.6833998735741661,0.3066348895133532|-0.087187867766343|0.676785224916407,0.0,0.0,0.0,0,0
90,,,,0.0,,0.0,0.0,0.0,0.7228473920561848,0.0,0.0,0.0,0,False,constraint_required_more,2,2,0,2,0,2,2,,0.14741739095188677,0.002758919959887862,0.11702424101531506,0.017795098014175892,,0.11702424101531506,0.7228473920561848,0.7228473920561848,,,1.0,1.0,0,0.0,0.0,0,0,0,False,0.0034712620464982524,0.036229187212543784,8,0.0034712620464982524,4,0.0008893632093494863,1,-0.03309139244018411,-0.029533434174817685,,0.0,0.0011434154904638074,,0.022330348953483747,0.05108688241584495,0.08068101408400978,0.02959413166816483,0.04841285396093881,0.0188269309157321,0.03907005146331291,0.05930500833343043,0.020234956870117518,0.037590902364197654,0.021137194592571133,0.515641464595393|0.12275396511277836|0.7362388897423722,0.7284463009155698|-0.13508398639271868|0.6907935655388621,0.30575786158485496|-0.11163672552222045|0.677678658181663,0.0,0.0,0.0,0,0
91,,,,0.0,,0.0,0.0,0.0,0.6922541326627405,0.0,0.0,0.0,0,False,constraint_required_more,2,2,0,2,0,2,2,,0.14745499100536108,0.002723319921642542,0.11731508700177073,0.017670389963313937,,0.11731508700177073,0.6922541326627405,0.6922541326627405,,,1.0,1.0,0,0.0,0.0,0,0,0,False,0.0015973182785904705,0.03230932065630954,10,0.0015973182785904705,5,0.0009386553880111337,1,-0.03169091452274664,-0.026185479727034888,,0.0,0.0011898169485047587,,0.021925693916913094,0.05120678272609865,0.08260529019296835,0.031398507466869695,0.04937370646001074,0.01772417008241918,0.039043695649939224,0.06137435821284244,0.022330662562903218,0.03866563756151365,0.02028864580841909,0.5101634175883755|0.10263510070660319|0.7350210902411681,0.7279183446024496|-0.14795703906486835|0.6862921314253662,0.3049731807931859|-0.1346924502127904|0.6761270364421909,0.0,0.0,0.0,0,0
92,,,,0.0,,0.0,0.0,0.0,0.6822888424828504,0.0,0.0,0.0,0,False,constraint_required_more,2,2,0,2,0,2,2,,0.17226186604239047,0.0027610098477452993,0.14211142505519092,0.017697283066809177,,0.14211142505519092,0.6822888424828504,0.6822888424828504,,,1.0,1.0,0,0.0,0.0,0,0,0,False,0.001644043703026954,0.033367027413099715,13,0.001644043703026954,8,0.0009725133434975719,1,-0.030716833331981164,-0.0259098713626269,,0.0,0.0011602524622328907,,0.021854731359959724,0.05176764694933557,0.08156661034821092,0.029798963398875347,0.05329014378509028,0.01707324792407297,0.03899495115191409,0.06071508069353037,0.021720129541616277,0.03730950688504314,0.020492962274245782,0.5057416735124788|0.08184935587323902|0.7340191522998175,0.7293092690606253|-0.16203637290038034|0.685877005032648,0.30607548158262227|-0.1607716265825406|0.6786783187804903,0.0,0.0,0.0,0,0
93,,,,0.0,,0.0,0.0,0.0,0.6758535871332562,0.0,0.0,0.0,0,False,constraint_required_more,2,2,0,2,0,2,2,,0.1507557900622487,0.002697200048714876,0.12009867606684566,0.01816015806980431,,0.12009867606684566,0.6758535871332562,0.6758535871332562,,,1.0,1.0,0,0.0,0.0,0,0,0,False,0.0014491237036929512,0.03423830362803684,12,0.0014491237036929512,8,0.0009670433875448581,1,-0.030699138003061677,-0.025360754050645085,,0.0,0.0011546227394638373,,0.02174874612668884,0.05251810766007785,0.08077699396793318,0.028258886307855335,0.053259555440019216,0.016850828392057874,0.03902641846104848,0.061243330298709105,0.022216911837660627,0.03711647143714202,0.02036966663740208,0.5019582516886216|0.06205023266711714|0.7350415414113112,0.7304417099349713|-0.17726750821764484|0.6883829932951041,0.3074425555889742|-0.18494430822982785|0.6813057214642438,0.0,0.0,0.0,0,0
94,,,,0.0,,0.0,0.0,0.0,0.6722401318818261,0.0,0.0,0.0,0,False,constraint_required_more,2,2,0,2,0,2,2,,0.1522919530980289,0.002802054863423109,0.1219436100218445,0.017779909074306488,,0.1219436100218445,0.6722401318818261,0.6722401318818261,,,1.0,1.0,0,0.0,0.0,0,0,0,False,0.0018496578882771508,0.035054546063019915,12,0.0018496578882771508,8,0.0009845960827679356,1,-0.030620533179503084,-0.02647850467219648,,0.0,0.0011513903703600653,,0.02173937777253909,0.05337867936515988,0.0801989139321612,0.026820234567001326,0.05280731820324691,0.016900446550846274,0.03923634126538478,0.06010690200367544,0.02087056073829066,0.0363410211713528,0.020371686437524916,0.5004903289037472|0.04187141042071016|0.7357106484806505,0.7317365889683891|-0.19206705985715744|0.6906286098723606,0.3097642644691852|-0.21008882194036993|0.6862436471839024,0.0,0.0,0.0,0,0
95,,,,0.0,,0.0,0.0,0.0,0.6691065786063198,0.0,0.0,0.0,0,False,constraint_required_more,2,2,0,2,0,2,2,,0.15133817587047815,0.0027331060264259577,0.1197546268813312,0.01878546387888491,,0.1197546268813312,0.6691065786063198,0.6691065786063198,,,1.0,1.0,0,0.0,0.0,0,0,0,False,0.0018468549804988854,0.036002374103100865,12,0.0018468549804988854,8,0.0009959321128608645,1,-0.031000575615939496,-0.026737849186430296,,0.0,0.0011409548259608039,,0.021708050331385394,0.05324327289408438,0.07987950297170407,0.026636230077619692,0.05163253857178851,0.016720459064492113,0.039320056580962465,0.05967741375167394,0.020357357170711472,0.035897930725165436,0.020394406969562826,0.499948618080067|0.02110359801568974|0.7357124821124471,0.733046243808476|-0.2078261336951545|0.6939907461046734,0.312486004093269|-0.23416070190157592|0.6894569071752259,0.0,0.0,0.0,0,0
96,,,,0.0,,0.0,0.0,0.0,0.6623693018317459,0.0,0.0,0.0,0,False,constraint_required_more,2,2,0,2,0,2,2,,0.15929100406356156,0.002725670114159584,0.12699530203826725,0.01917964592576027,,0.12699530203826725,0.6623693018317459,0.6623693018317459,,,1.0,1.0,0,0.0,0.0,0,0,0,False,0.0017600964830210702,0.03694457288002942,12,0.0017600964830210702,8,0.0009730632697966535,1,-0.030833464084551565,-0.026662114956449656,,0.0,0.0011561806479791286,,0.021578569195616144,0.05264279447243873,0.0791799908998628,0.026537196427424074,0.050745753290983686,0.01667896791855976,0.039595738524436035,0.05941981001567941,0.019824071491243378,0.03537737777585402,0.020307543566835267,0.4991929581316244|0.0013091571425276791|0.734799613717372,0.7347297843029424|-0.22186416075315085|0.6965309889613033,0.3151280901859698|-0.25810631742058904|0.6917688001847858,0.0,0.0,0.0,0,0
97,,,,0.0,,0.0,0.0,0.0,0.6591673733786964,0.0,0.0,0.0,0,False,constraint_required_more,2,2,0,2,0,2,2,,0.16963650495745242,0.0027678802143782377,0.13561828108504415,0.020281730918213725,,0.13561828108504415,0.6591673733786964,0.6591673733786964,,,1.0,1.0,0,0.0,0.0,0,0,0,False,0.0017784849163822308,0.037796308215807595,19,0.0017784849163822308,10,0.0009469276253440267,1,-0.030604749878007098,-0.026417135420523152,,0.0,0.0014164059563548182,,0.021527244880951764,0.05186772513673518,0.07919569152157142,0.02732796638483624,0.05145124516324302,0.016786608357467613,0.039767764578703284,0.060418348432967346,0.020650583854264062,0.03599531984493775,0.02064658765639161,0.4961150333181457|-0.01653696758612944|0.7334244027283165,0.7358582934056074|-0.23713654925669084|0.6964247158300384,0.31659899905939126|-0.27951789707077135|0.6942535506717743,0.0,0.0,0.0,0,0
98,,,,0.0,,0.0,0.0,0.0,0.6599923790601884,0.0,0.0,0.0,0,False,constraint_required_more,2,2,0,2,0,2,2,,0.16693862178362906,0.002755430992692709,0.1351547099184245,0.018945579882711172,,0.1351547099184245,0.6599923790601884,0.6599923790601884,,,1.0,1.0,0,0.0,0.0,0,0,0,False,0.004461155556108168,0.03803987059719158,13,0.004461155556108168,10,0.0009742762367125901,1,-0.03072692177519265,-0.02905592460387929,,0.0,0.0014144420530540877,,0.021581458734318153,0.05101938130571162,0.07891739569969794,0.02789801439398632,0.05155551711018195,0.01695104976869753,0.040257295241883505,0.059228859647298175,0.01897156440541467,0.034650139758379314,0.021085145539360316,0.49527691666274776|-0.03287671008366233|0.7342949257248952,0.7374414370079831|-0.25341368162713346|0.6975369689855979,0.3201248090330891|-0.29959783263866785|0.6968798823498075,0.0,0.0,0.0,0,0
99,,,,0.0,,0.0,0.0,0.0,0.671798071091953,0.0,0.0,0.0,0,False,constraint_required_more,2,2,0,2,0,2,2,,0.16085499501787126,0.002714254893362522,0.12990689696744084,0.01833390910178423,,0.12990689696744084,0.671798071091953,0.671798071091953,,,1.0,1.0,0,0.0,0.0,0,0,0,False,0.004319497969817496,0.03825412471860257,15,0.004319497969817496,11,0.0009204557115483625,1,-0.030754482066411626,-0.02974456820771998,,0.0,0.0014288421658894112,,0.02178831812024934,0.05020037318986627,0.0783106512247014,0.028110278034835137,0.05126696982601849,0.017101986053651035,0.040929933158895,0.05942318728652707,0.018493254127632065,0.03490838046856047,0.021495329325595367,0.49449768622397383|-0.048811074021570484|0.735259665491012,0.7389023210690205|-0.26975632828900314|0.6970579466377931,0.3219526477982287|-0.31849029699158027|0.6979362762918024,0.0,0.0,0.0,0,0
100,,,,0.0,,0.0,0.0,0.0,0.6794755300227787,0.0,0.0,0.0,0,False,constraint_required_more,2,2,0,2,0,2,2,,0.157102950848639,0.002772249048575759,0.12742232903838158,0.017374846851453185,,0.12742232903838158,0.6794755300227787,0.6794755300227787,,,1.0,1.0,0,0.0,0.0,0,0,0,False,0.0014062668676123949,0.038456056584453946,16,0.0014062668676123949,12,0.0009702219606263079,1,-0.030763206957066913,-0.0218410823579962,,0.0,0.0014290592312344603,,0.021841811392019603,0.049869754028211734,0.07731756320414981,0.02744780917593808,0.05095005977811213,0.01711059360458428,0.04117591618043275,0.06803991307874087,0.026863996898308116,0.042627470165463074,0.021458031337382086,0.4933058454096556|-0.06426760259062012|0.734414985123403,0.739603990878456|-0.28571084853086604|0.6942400692473194,0.31777223878949346|-0.3317139740598872|0.6916521959464467,0.0,0.0,0.0,0,0
101,,,,0.0,,0.0,0.0,0.0,0.6745592986467301,0.0,0.0,0.0,0,False,constraint_required_more,2,2,0,2,0,2,2,,0.15676182601600885,0.002731543965637684,0.1267569789197296,0.017483422998338938,,0.1267569789197296,0.6745592986467301,0.6745592986467301,,,1.0,1.0,0,0.0,0.0,0,0,0,False,0.0021371395309993796,0.03870113490884544,18,0.0021371395309993796,14,0.0009297801732683908,1,-0.031423006463809244,-0.02197103570246206,,0.0,0.0014163175646988162,,0.021796334697394455,0.05012815757372075,0.0771481369740778,0.027019979400357046,0.05010573835328386,0.017134581838220562,0.041063160271135754,0.06796045822862672,0.026897297957490962,0.04300827467838965,0.021578782386336866,0.49463558730359186|-0.08051507977505244|0.7329089818865924,0.7400832925248674|-0.3031582687000859|0.6908183944052658,0.3189052824195798|-0.34949995634732506|0.6897561764486039,0.0,0.0,0.0,0,0
102,,,,0.0,,0.0,0.0,0.0,0.6676366806129379,0.0,0.0,0.0,0,False,constraint_required_more,2,2,0,2,0,2,2,,0.15778136695735157,0.002806165022775531,0.12754969391971827,0.017664286075159907,,0.12754969391971827,0.6676366806129379,0.6676366806129379,,,1.0,1.0,0,0.0,0.0,0,0,0,False,0.0046144497391725214,0.03906394521618678,13,0.0046144497391725214,9,0.0009261804058578044,1,-0.030741294704698774,-0.0307221380679934,,0.0,0.0014142925096062085,,0.021799998327752406,0.050887856121957245,0.07792761188318713,0.027039755761229883,0.049945082309670694,0.017314344579615573,0.04023130942507063,0.05946124111342382,0.019229931688353186,0.0380147225688251,0.021821137717169,0.49675317840821837|-0.09725026490013584|0.7317526077524181,0.7405271361675326|-0.3212838109499394|0.6858041889787516,0.32446039472090654|-0.3726252005232752|0.6937818285855224,0.0,0.0,0.0,0,0
103,,,,0.0,,0.0,0.0,0.0,0.6709950618695834,0.0,0.0,0.0,0,False,constraint_required_more,2,2,0,2,0,2,2,,0.15797526901587844,0.0027170120738446712,0.12772562308236957,0.017867413815110922,,0.12772562308236957,0.6709950618695834,0.6709950618695834,,,1.0,1.0,0,0.0,0.0,0,0,0,False,0.004889337911453684,0.039670700301353834,14,0.004889337911453684,10,0.0009385625151038246,1,-0.030670511104409215,-0.030620491092017588,,0.0,0.0014132795658267448,,0.021864819296152412,0.052053548970268836,0.07879995843257523,0.026746409462306393,0.049154891687434296,0.01779320307562731,0.0391092353510085,0.05971850868989777,0.020609273338889268,0.03933199277527834,0.0217215584579211,0.5009473807378059|-0.11325114286535133|0.7304590655680926,0.7407992719777954|-0.34026912987708485|0.6813453624543556,0.3238790530973437|-0.38928033530647665|0.6916200535982631,0.0,0.0,0.0,0,0
104,,,,0.0,,0.0,0.0,0.0,0.6790477775986636,0.0,0.0,0.0,0,False,constraint_required_more,2,2,0,2,0,2,2,,0.1621548729017377,0.0027561960741877556,0.13142603798769414,0.018020116025581956,,0.13142603798769414,0.6790477775986636,0.6790477775986636,,,1.0,1.0,0,0.0,0.0,0,0,0,False,0.004958863346895034,0.04018429760287054,14,0.004958863346895034,10,0.0009048515412983099,1,-0.032137602078284644,-0.03057498862863106,,0.0,0.0014089165255298211,,0.021985600316614017,0.05296771424189847,0.07873599807498355,0.025768283833085076,0.047404147726676296,0.018001010188168003,0.03796130654290091,0.06004818007022446,0.022086873527323546,0.04097685411062904,0.021753612878835607,0.5053202973826532|-0.13069472765370374|0.730500816256159,0.7410328720609682|-0.36063037122383457|0.6795194358261992,0.32325520394477014|-0.4043916842130898|0.6896150535287969,0.0,0.0,0.0,0,0
105,,,,0.0,,0.0,0.0,0.0,0.6926851771317578,0.0,0.0,0.0,0,False,constraint_required_more,2,2,0,2,0,2,2,,0.18280875217169523,0.002694810973480344,0.15293528093025088,0.017561943037435412,,0.15293528093025088,0.6926851771317578,0.6926851771317578,,,1.0,1.0,0,0.0,0.0,0,0,0,False,0.0014848307377469672,0.0405544525682274,13,0.0014848307377469672,8,0.0009855694612667942,2,-0.031795056117495335,-0.021651646764421884,,0.0,0.001405134883538142,,0.022138670006699723,0.05350023260415402,0.0798918714705175,0.026391638866363483,0.045737812099051436,0.01802765671161668,0.03711203527518356,0.06870138009810198,0.03158934482291842,0.047368718498352884,0.02154768096792601,0.5098405955639428|-0.14654536387155975|0.730071058104039,0.7405381025838148|-0.38409794008987114|0.6750447980413556,0.3184753235163491|-0.4110914946765891|0.6807393470186781,0.0,0.0,0.0,0,0
106,,,,0.0,,0.0,0.0,0.0,0.7060594883189096,0.0,0.0,0.0,0,False,constraint_required_more,2,2,0,2,0,2,2,,0.15807477687485516,0.002752662869170308,0.1285323069896549,0.01725646504200995,,0.1285323069896549,0.7060594883189096,0.7060594883189096,,,1.0,1.0,0,0.0,0.0,0,0,0,False,0.001459538576699372,0.03983853633367043,12,0.001459538576699372,7,0.001268832245455681,2,-0.03408107954037298,-0.020991233160186695,,0.0,0.0011729152701034336,,0.022306542402777765,0.05412634430526514,0.08002556438487189,0.025899220079606752,0.04309847775705907,0.01806997572086431,0.03634802915806794,0.070460327219156,0.034112298061088064,0.047780682433961316,0.021056130087302616,0.5155622883900159|-0.16526779717209072|0.731184310898531,0.7402449896522969|-0.4081262888644616|0.6760541208127323,0.3183830756561155|-0.41972947590959386|0.6777403235206297,0.0,0.0,0.0,0,0
107,,,,0.0,,0.0,0.0,0.0,0.719852295055728,0.0,0.0,0.0,0,False,constraint_required_more,2,2,0,2,0,2,2,,0.15667280089110136,0.002749526873230934,0.12679559201933444,0.01748010888695717,,0.12679559201933444,0.719852295055728,0.719852295055728,,,1.0,1.0,0,0.0,0.0,0,0,0,False,0.0014317059669203443,0.03870874277852743,12,0.0014317059669203443,7,0.0011771671532636308,2,-0.03395222198587966,-0.019865546082424856,,0.0,0.0014207141843990375,,0.02236145209951839,0.05482173867011342,0.08135559842078459,0.02653385975067117,0.04324292799180321,0.018601728144312567,0.03560123242083103,0.07196593899397416,0.03636470657314313,0.048542986060833626,0.02157138585736912,0.5199158078495222|-0.18423744874828163|0.7314538195245839,0.7409999697762665|-0.43379625510268993|0.6784195829900833,0.31713650910792157|-0.42835520671739896|0.6759035220228677,0.0,0.0,0.0,0,0
108,,,,0.0,,0.0,0.0,0.0,0.725286079796259,0.0,0.0,0.0,0,False,constraint_required_more,2,2,0,2,0,2,2,,0.15769590390846133,0.0027593420818448067,0.12728482903912663,0.017902424093335867,,0.12728482903912663,0.725286079796259,0.725286079796259,,,1.0,1.0,0,0.0,0.0,0,0,0,False,0.0016148622168385002,0.03946942115796395,13,0.0014083141946624363,8,0.0016148622168385002,2,-0.034572430451643044,-0.01962905097123624,,0.0,0.0014244387699996462,,0.02224637264574615,0.0552368818839593,0.08093644996005893,0.025699568076099626,0.043059914887891536,0.018293756919981422,0.03496290298900075,0.07190494744627374,0.036942044457272984,0.04845978839472073,0.020886454686670084,0.5269336857971774|-0.20339731192369312|0.7324742680491079,0.7393169552334262|-0.45628855313049804|0.6805514323233114,0.3157745278358973|-0.43760048303567717|0.6758154024702678,0.0,0.0,0.0,0,0
109,,,,0.0,,0.0,0.0,0.0,0.7610040246799067,0.0,0.0,0.0,0,False,constraint_required_more,2,2,0,2,0,2,2,,0.156027649063617,0.0029331978876143694,0.1257390019018203,0.017672371119260788,,0.1257390019018203,0.7610040246799067,0.7610040246799067,,,1.0,1.0,0,0.0,0.0,0,0,0,False,0.0014856964140059492,0.04059046282363046,13,0.0014856964140059492,8,0.0009121757003921621,2,-0.035043001382703665,-0.02010922243974811,,0.0,0.001417425903530827,,0.022532701949988947,0.056012868311818176,0.08012443199784754,0.02411156368602936,0.04422214114961645,0.018238325439557276,0.03483913335289958,0.07134691879459877,0.03650778544169919,0.04764988912264838,0.021308141802873312,0.5333528047818891|-0.21944419845297433|0.7320021264714055,0.7365105616469968|-0.4790208112262123|0.6809518809541696,0.31344724995732465|-0.4461199006280889|0.6762989876169206,0.0,0.0,0.0,0,0
110,,,,0.0,,0.0,0.0,0.0,0.7080714828751437,0.0,0.0,0.0,0,False,constraint_required_more,2,2,0,2,0,2,2,,0.15181696601212025,0.002752294996753335,0.12193189514800906,0.017519451212137938,,0.12193189514800906,0.7080714828751437,0.7080714828751437,,,1.0,1.0,0,0.0,0.0,0,0,0,False,0.0017799040434446217,0.03771229310854071,13,0.0014328325082338701,8,0.0017799040434446217,2,-0.036547943269757965,-0.0198986158011607,,0.0,0.0012080659661947368,,0.021945027014716793,0.05608804471666944,0.07950843287906437,0.023420388162394924,0.04382209745751194,0.018532461733908247,0.03515241213300122,0.06934443370255604,0.034192021569554816,0.04491399339525819,0.020557977435352464,0.5335193187990328|-0.23917528666403523|0.7340952897136822,0.7314069782336075|-0.5034672864305578|0.6847356343867821,0.3083634593514538|-0.4591734073514365|0.678473064458231,0.0,0.0,0.0,0,0
111,,,,0.0,,0.0,0.0,0.0,0.6857889097724493,0.0,0.0,0.0,0,False,constraint_required_more,2,2,0,2,0,2,2,,0.14774571196176112,0.0027472320944070816,0.1174137459602207,0.017760579008609056,,0.1174137459602207,0.6857889097724493,0.6857889097724493,,,1.0,1.0,0,0.0,0.0,0,0,0,False,0.0014365442732863568,0.03663677301389934,12,0.0014365442732863568,8,0.0009778013300712901,1,-0.0356662704738504,-0.020533255256442118,,0.0,0.0012082624677856213,,0.021852655603315133,0.05577113393807282,0.07927810280940983,0.023506968871337013,0.04459858360190554,0.018440378273130772,0.03572954787296409,0.06903487857798549,0.033305330705021396,0.04523346362306131,0.020346485284545655,0.5404800526388531|-0.25522593419895834|0.7356236763704983,0.726757746696852|-0.5258344471854834|0.6843519589437712,0.3046889330892394|-0.4669125286355946|0.6797856224736101,0.0,0.0,0.0,0,0
112,,,,0.0,,0.0,0.0,0.0,0.686926729147501,0.0,0.0,0.0,0,False,constraint_required_more,2,2,0,2,0,2,2,,0.14955275389365852,0.0027221471536904573,0.11899760202504694,0.01797590684145689,,0.11899760202504694,0.686926729147501,0.686926729147501,,,1.0,1.0,0,0.0,0.0,0,0,0,False,0.0014375314860620644,0.03602639236805291,13,0.0014375314860620644,8,0.0009725480034362688,2,-0.03388846365814402,-0.020871490149382055,,0.0,0.001203117060209282,,0.021985019876515077,0.055248476280676646,0.08199107972734036,0.026742603446663717,0.04205481217546016,0.01898109777924516,0.03602896960882871,0.06887520734431757,0.03284623773548886,0.045234069934380755,0.02012163395783832,0.5442637720606684|-0.2692489125779904|0.7344474277356177,0.7188264461276925|-0.5533069055127854|0.6844185434417555,0.30032269914911613|-0.4745315221359598|0.6800587174411699,0.0,0.0,0.0,0,0
113,,,,0.0,,0.0,0.0,0.0,0.6799362533794974,0.0,0.0,0.0,0,False,constraint_required_more,2,2,0,2,0,2,2,,0.15057280100882053,0.0027358857914805412,0.11979707004502416,0.01807112293317914,,0.11979707004502416,0.6799362533794974,0.6799362533794974,,,1.0,1.0,0,0.0,0.0,0,0,0,False,0.0026946160011093873,0.03649398945838489,12,0.0014363279965288953,8,0.0026946160011093873,2,-0.03408302491671833,-0.0206412221502692,,0.0,0.0012110984963110906,,0.021901950110123698,0.05566647986554079,0.07678480241399789,0.0211183225484571,0.037352977091829484,0.01892938991898219,0.03583825587427293,0.0691663359204351,0.03332808004616217,0.04641647302010283,0.019545455133412153,0.5478796898886404|-0.2838537206501322|0.7347772746428001,0.708404195958155|-0.5796160342803418|0.6877347239940025,0.2957023376061231|-0.4796981422271105|0.681505052817334,0.0,0.0,0.0,0,0
114,,,,0.0,,0.0,0.0,0.0,0.6766495315160994,0.0,0.0,0.0,0,False,constraint_required_more,2,2,0,2,0,2,2,,0.1540298629552126,0.0027013130020350218,0.12305114115588367,0.018315898021683097,,0.12305114115588367,0.6766495315160994,0.6766495315160994,,,1.0,1.0,0,0.0,0.0,0,0,0,False,0.0021697728875186423,0.03727761491666731,12,0.0021697728875186423,8,0.0017308650940720954,2,-0.03343416288040579,-0.022237037674512905,,0.0,0.0012165088824669995,,0.02186855307075213,0.0558757900289848,0.07701648016217712,0.021140690133192315,0.03695849354884907,0.01907243476325342,0.035844354745566666,0.06713143669200967,0.03128708194644301,0.047905289247265094,0.019295067222124703,0.550268484936629|-0.29915465519601464|0.7353464638046425,0.701214366044375|-0.6003414890198969|0.6904074935536699,0.2924207484050948|-0.48700623720570385|0.6837534683755787,0.0,0.0,0.0,0,0
115,,,,0.0,,0.0,0.0,0.0,0.6665899966598757,0.0,0.0,0.0,0,False,constraint_required_more,2,2,0,2,0,2,2,,0.15837926790118217,0.0027346089482307434,0.12719111214391887,0.018505996093153954,,0.12719111214391887,0.6665899966598757,0.6665899966598757,,,1.0,1.0,0,0.0,0.0,0,0,0,False,0.0016328696079940808,0.03736781961599542,12,0.0016328696079940808,8,0.00106784157015255,2,-0.033056778029530776,-0.022000604737067775,,0.0,0.0012292768534478194,,0.021684412348132964,0.05593824760482853,0.07724133281135095,0.021303085206522424,0.035855292837246644,0.0190692225361306,0.03589319932958406,0.06660673954707932,0.030713540217495262,0.048463952418111696,0.018240363977938878,0.5512562256207906|-0.31477187652709426|0.7358357682508145,0.6933284774277522|-0.6196455741176021|0.6911710544558959,0.28716566016851497|-0.4930221616520233|0.6867877882713254,0.0,0.0,0.0,0,0
116,,,,0.0,,0.0,0.0,0.0,0.6567734087230521,0.0,0.0,0.0,0,False,constraint_required_more,2,2,0,2,0,2,2,,0.18606848898343742,0.0027081670705229044,0.15367591101676226,0.019282023888081312,,0.15367591101676226,0.6567734087230521,0.6567734087230521,,,1.0,1.0,0,0.0,0.0,0,0,0,False,0.001430430100830285,0.0366841327208679,15,0.001430430100830285,9,0.000948593727594399,1,-0.033508931857342716,-0.02060111933697506,,0.0,0.0014024044337592107,,0.021465134450054376,0.056955765568527744,0.07831510214953079,0.021359336581003044,0.03684955109081076,0.018703089837464704,0.03528753059383781,0.06738368416362782,0.03209615356979001,0.0491523354898171,0.01861302824445345,0.5534340751893988|-0.3299396594973349|0.7366897177729321,0.6863202135285842|-0.6369650031235079|0.6943576767347357,0.2828961420825864|-0.4976557933600393|0.6848588128535251,0.0,0.0,0.0,0,0
117,,,,0.0,,0.0,0.0,0.0,0.6414170127345395,0.0,0.0,0.0,0,False,constraint_required_more,2,2,0,2,0,2,2,,0.16729874396696687,0.0027488567866384983,0.134449697798118,0.01934699504636228,,0.134449697798118,0.6414170127345395,0.6414170127345395,,,1.0,1.0,0,0.0,0.0,0,0,0,False,0.0022600963717937933,0.036818953598209914,17,0.0018524973049306032,10,0.0022600963717937933,2,-0.033660197909190614,-0.021304312539413672,,0.0,0.0014368056655045677,,0.021278513814266285,0.0570566810003831,0.07693785947058909,0.01988117847020599,0.03642767852656691,0.018663663486333887,0.03500568239384986,0.06556668332969849,0.030561000935848633,0.04921760495825363,0.018277083390937372,0.5547924639454688|-0.34424253880593003|0.7388172482208428,0.6769797390301476|-0.6543755773362471|0.6932903190667767,0.2785665301244544|-0.5047735624653331|0.6857331863019338,0.0,0.0,0.0,0,0
118,,,,0.0,,0.0,0.0,0.0,0.6518554925872528,0.0,0.0,0.0,0,False,constraint_required_more,2,2,0,2,0,2,2,,0.16389757813885808,0.002805332886055112,0.13261568895541131,0.018592206994071603,,0.13261568895541131,0.6518554925872528,0.6518554925872528,,,1.0,1.0,0,0.0,0.0,0,0,0,False,0.0014334405951597663,0.037030491588706055,14,0.0014334405951597663,9,0.0009455568031288414,2,-0.03372562397129464,-0.022363349963528734,,0.0,0.0014426324975122576,,0.021482836323397165,0.05576177716425725,0.07896612352949095,0.023204346365233698,0.039226318620281114,0.018869703742401357,0.03483489255930243,0.06312287116998558,0.028287978610683148,0.048756632069567554,0.01935288137342745,0.5539322216051962|-0.35626191020161657|0.7403154378569893,0.6706090447003404|-0.6686245171868702|0.6911051579175974,0.2734639933716522|-0.5139411298960712|0.6845886987026358,0.0,0.0,0.0,0,0
119,,,,0.0,,0.0,0.0,0.0,0.6503192098455914,0.0,0.0,0.0,0,False,constraint_required_more,2,2,0,2,0,2,2,,0.16060596308670938,0.0027199459727853537,0.1289606560021639,0.018683169037103653,,0.1289606560021639,0.6503192098455914,0.6503192098455914,,,1.0,1.0,0,0.0,0.0,0,0,0,False,0.0036696678128883137,0.037245981634166786,19,0.0036696678128883137,14,0.0010512966542099156,2,-0.03361995754674041,-0.030100026757439835,,0.0,0.0014467305535359406,,0.021531586069633256,0.05475018218066663,0.07897714340640294,0.02422696122573631,0.04021162275570861,0.019222147573868628,0.03552033205987898,0.055740628454453364,0.020220296394574386,0.04153166257123897,0.019819075525067877,0.5525561685819794|-0.36870057981517884|0.7403218985827098,0.6630403926721569|-0.6836347228650294|0.6886496780220179,0.2709998577467256|-0.5271274343558857|0.6841604566315382,0.0,0.0,0.0,0,0
120,,,,0.0,,0.0,0.0,0.0,0.6460621673582664,0.0,0.0,0.0,0,False,constraint_required_more,2,2,0,2,0,2,2,,0.16175952297635376,0.002713938010856509,0.13041918096132576,0.018550055101513863,,0.13041918096132576,0.6460621673582664,0.6460621673582664,,,1.0,1.0,0,0.0,0.0,0,0,0,False,0.0014136824510734315,0.03761661903873981,15,0.0014136824510734315,11,0.0009519037294255933,1,-0.03337419912689654,-0.02799309727479482,,0.0,0.0014162795364974809,,0.021490379872148937,0.0535846723992566,0.07953981412470118,0.02595514172544458,0.04171259165819575,0.019368529570717722,0.036018969630686425,0.05626343740306468,0.020244467772378254,0.04124319269814476,0.01990983719381095,0.5534186382756778|-0.3791513008004512|0.7390790609792458,0.6565776108966545|-0.6975867073208823|0.6845252230607201,0.26410981892498975|-0.5362640542104081|0.677335718673046,0.0,0.0,0.0,0,0
121,,,,0.0,,0.0,0.0,0.0,0.6440523442102724,0.0,0.0,0.0,0,False,constraint_required_more,2,2,0,2,0,2,2,,0.15943680214695632,0.0027556801214814186,0.12852096487767994,0.01813344215042889,,0.12852096487767994,0.6440523442102724,0.6440523442102724,,,1.0,1.0,0,0.0,0.0,0,0,0,False,0.001563046512398577,0.038301676252298744,14,0.001563046512398577,9,0.0009405842757447824,2,-0.0330058961932842,-0.02788559302640259,,0.0,0.0014113777464790824,,0.021491478153731904,0.05216890439881354,0.07908754480149399,0.026918640402680452,0.042194487534787814,0.019506127447889276,0.03670326799095206,0.0561435383193164,0.01944027032836434,0.04062783613215163,0.020082753404459926,0.5511852464899107|-0.38892052131950644|0.7374727681331482,0.6497328019202607|-0.7104438274825101|0.6793981145102601,0.2580872556063703|-0.5456526796397979|0.6696565273964655,0.0,0.0,0.0,0,0
122,,,,0.0,,0.0,0.0,0.0,0.6625787494381199,0.0,0.0,0.0,0,False,constraint_required_more,2,2,0,2,0,2,2,,0.16416390403173864,0.0027285669930279255,0.13333158195018768,0.018128165043890476,,0.13333158195018768,0.6625787494381199,0.6625787494381199,,,1.0,1.0,0,0.0,0.0,0,0,0,False,0.001586928079278481,0.03943795971853448,11,0.001586928079278481,7,0.0009921669596478777,1,-0.033132824460825105,-0.027691899395829722,,0.0,0.0014139101719836925,,0.02180721397767351,0.05039925341482985,0.07845586054565043,0.02805660713082058,0.04340391989715847,0.019933763794202607,0.03737979340805761,0.05716577574336751,0.0197859823353099,0.0409040808614545,0.020393802693531783,0.548553350903833|-0.39884264075088377|0.737921073545048,0.6435760532524634|-0.7224610061629695|0.6728909502584719,0.25189643751576296|-0.5544452829984833|0.6618118493518649,0.0,0.0,0.0,0,0
123,,,,0.0,,0.0,0.0,0.0,0.6819547076922887,0.0,0.0,0.0,0,False,constraint_required_more,2,2,0,2,0,2,2,,0.16334515204653144,0.002737208968028426,0.13263359293341637,0.018015109933912754,,0.13263359293341637,0.6819547076922887,0.6819547076922887,,,1.0,1.0,0,0.0,0.0,0,0,0,False,0.0015758126338658862,0.04028089032121818,9,0.0015758126338658862,4,0.001046779384746177,2,-0.033124561955338194,-0.02775535074408353,,0.0,0.0014019965047832612,,0.02209429738791783,0.048590236256571745,0.07690684859972456,0.028316612343152817,0.04339070541062531,0.020304811614282832,0.03783253773622625,0.05737400015895674,0.019541462422730485,0.04089918235030348,0.020240000808894366,0.5461436956975948|-0.4104951047277564|0.7372845905560899,0.6379078951842757|-0.7358054548851887|0.6673657529019592,0.2465011382945077|-0.565449327899743|0.6527224481806709,0.0,0.0,0.0,0,0
124,,,,0.0,,0.0,0.0,0.0,0.7022049116915531,0.0,0.0,0.0,0,False,constraint_required_more,2,2,0,2,0,2,2,,0.16344014601781964,0.002750236075371504,0.13294149097055197,0.017879602033644915,,0.13294149097055197,0.7022049116915531,0.7022049116915531,,,1.0,1.0,0,0.0,0.0,0,0,0,False,0.001564271760878061,0.04087873927573418,9,0.001564271760878061,4,0.0009573397467723122,2,-0.033341519624862315,-0.02785492981766069,,0.0,0.001403719305477367,,0.022278901430082442,0.046601115321645445,0.0774315147468214,0.03083039942517596,0.0451370174102985,0.020802033457678004,0.0381141854321234,0.057502325906076776,0.019388140473953375,0.04055863441223731,0.020430954623379825,0.5421270249023374|-0.42139221552974165|0.7337352871133749,0.6342186778246526|-0.7458818766093388|0.6610944486418037,0.24195231924401278|-0.5771815243485563|0.6425516011924759,0.0,0.0,0.0,0,0
125,,,,0.0,,0.0,0.0,0.0,0.7167304323868066,0.0,0.0,0.0,0,False,constraint_required_more,2,2,0,2,0,2,2,,0.16400854685343802,0.0027229099068790674,0.13343419088050723,0.01796910190023482,,0.13343419088050723,0.7167304323868066,0.7167304323868066,,,1.0,1.0,0,0.0,0.0,0,0,0,False,0.00155031737847907,0.04189932850895764,8,0.00155031737847907,3,0.0009918542044876355,2,-0.03411344628004187,-0.027737429221854626,,0.0,0.001429869233875512,,0.022314095151559382,0.044502139896591894,0.08003220778728215,0.035530067890690256,0.04768506116382719,0.019724355618479714,0.03819874678334629,0.05820839526193297,0.020009648478586682,0.04090657644457111,0.020461615372725634,0.5357349316841803|-0.43140103988514156|0.7316337035844418,0.6325072428959143|-0.7532150821800527|0.6548366192283664,0.2382654868388747|-0.5880598729064486|0.63341470135245,0.0,0.0,0.0,0,0
126,,,,0.0,,0.0,0.0,0.0,0.7308841052726045,0.0,0.0,0.0,0,False,constraint_required_more,2,2,0,2,0,2,2,,0.1635256230365485,0.0027804351411759853,0.13305868301540613,0.01787403505295515,,0.13305868301540613,0.7308841052726045,0.7308841052726045,,,1.0,1.0,0,0.0,0.0,0,0,0,False,0.0015688845869873229,0.04289311780794541,9,0.0015688845869873229,4,0.0009688518387033218,2,-0.034091014272375375,-0.0302290906335152,,0.0,0.0014214470327858384,,0.02232107205972837,0.043265443969175484,0.08126528177229672,0.03799983780312124,0.049723175868627165,0.01870692625988135,0.03873991025243634,0.05714011488638095,0.01840020463394461,0.03816024462949908,0.020310123935259237,0.525757548931707|-0.4371697064765707|0.7268628362914146,0.6304813413706565|-0.7637607992163495|0.6481592208869845,0.2356193408790509|-0.6009025829248479|0.6272016381698106,0.0,0.0,0.0,0,0
127,,,,0.0,,0.0,0.0,0.0,0.6733148995504252,0.0,0.0,0.0,0,False,constraint_required_more,2,2,0,2,0,2,2,,0.15950174094177783,0.0027655039448291063,0.12905731587670743,0.017887070775032043,,0.12905731587670743,0.6733148995504252,0.6733148995504252,,,1.0,1.0,0,0.0,0.0,0,0,0,False,0.0015751805271640232,0.04243063632997304,9,0.0015751805271640232,4,0.0009738982418105308,2,-0.034112117732364666,-0.03016495030829347,,0.0,0.001408290625202304,,0.021455454907362018,0.04252775919215564,0.07898982454171358,0.03646206534955794,0.049554105353657514,0.01696258317580298,0.03946046908564276,0.05742537360147059,0.01796490451582783,0.03766262643786932,0.02040176841782876,0.5242788553642102|-0.44694232459703187|0.7217684118433929,0.6268820388758124|-0.7817266852890198|0.6454280602849617,0.23360505051497046|-0.6117712795382215|0.6185751004955666,0.0,0.0,0.0,0,0
128,,,,0.0,,0.0,0.0,0.0,0.6580066547556748,0.0,0.0,0.0,0,False,constraint_required_more,2,2,0,2,0,2,2,,0.18168252892792225,0.0027297548949718475,0.15095553686842322,0.018099042819812894,,0.15095553686842322,0.6580066547556748,0.6580066547556748,,,1.0,1.0,0,0.0,0.0,0,0,0,False,0.0015874599443889727,0.04222799319069723,9,0.0015874599443889727,4,0.000975219639377467,2,-0.03430505748489665,-0.02956116371225015,,0.0,0.001270648481930998,,0.021367498249570956,0.04177182841045491,0.08025235167066326,0.03848052326020835,0.0519900023674508,0.016919113332933045,0.03929337046680483,0.05756106648096481,0.01826769601415998,0.03642701601804703,0.020698940565357545,0.5206266108642164|-0.45127640032168137|0.7183105136383662,0.6252586706499507|-0.7928910899417965|0.638742502508784,0.23030326450003435|-0.6240229516303964|0.6090568866413172,0.0,0.0,0.0,0,0
129,,,,0.0,,0.0,0.0,0.0,0.6594162238668067,0.0,0.0,0.0,0,False,constraint_required_more,2,2,0,2,0,2,2,,0.16075554001145065,0.0027633309364318848,0.13016011798754334,0.017952678026631474,,0.13016011798754334,0.6594162238668067,0.6594162238668067,,,1.0,1.0,0,0.0,0.0,0,0,0,False,0.0015660173970400426,0.04198362059771227,9,0.0015660173970400426,4,0.000986825133328595,2,-0.034641319665707826,-0.029825303937952796,,0.0,0.0014256348554376322,,0.02143003719615452,0.041129601799476265,0.08195123506666808,0.04082163326719182,0.05406597088633522,0.016794744404656194,0.0391301753395377,0.05615425325268513,0.01702407791314743,0.03430809382823911,0.021207482804817747,0.52126687708278|-0.45862064438805694|0.7176417291964698,0.6235455692024097|-0.8037669936696988|0.6321040914250398,0.22768718533192606|-0.6370265271309586|0.5994220382985903,0.0,0.0,0.0,0,0
130,,,,0.0,,0.0,0.0,0.0,0.6586880199799146,0.0,0.0,0.0,0,False,constraint_required_more,2,2,0,2,0,2,2,,0.16092685493640602,0.0027677249163389206,0.13038909598253667,0.01792745990678668,,0.13038909598253667,0.6586880199799146,0.6586880199799146,,,1.0,1.0,0,0.0,0.0,0,0,0,False,0.0015541496424033678,0.041318430539076995,9,0.0015541496424033678,4,0.0009054972843186432,2,-0.03508745338102237,-0.029469725451255258,,0.0,0.001427070327300654,,0.02142455003011442,0.04000050704978831,0.08330385707620062,0.043303350026412314,0.056074051552722444,0.017111760834849225,0.03899501941497049,0.05641044523356483,0.017415425818594343,0.034820555878392806,0.020957863141392065,0.5199006074116044|-0.4634851274610267|0.7172391308393103,0.621425942405808|-0.8136679668115016|0.6253941712688476,0.224562789078043|-0.646772967545891|0.5896796317327324,0.0,0.0,0.0,0,0
131,,,,0.0,,0.0,0.0,0.0,0.6504700071007956,0.0,0.0,0.0,0,False,constraint_required_more,2,2,0,2,0,2,2,,0.16094395495019853,0.0027342301327735186,0.13017257791943848,0.018095582956448197,,0.13017257791943848,0.6504700071007956,0.6504700071007956,,,1.0,1.0,0,0.0,0.0,0,0,0,False,0.001530781068199219,0.04051969362045471,7,0.001530781068199219,3,0.0006766776380834894,1,-0.035242466795624594,-0.0295993591738668,,0.0,0.0011079125343730193,,0.021365279832997772,0.03896155319826337,0.08345583734613385,0.04449428414787048,0.05652917936843292,0.017705861080840338,0.037822671556629286,0.056244332411786786,0.0184216608551575,0.03536858823541167,0.020821445993632275,0.5199755951384963|-0.4688747799594346|0.7186726616971941,0.6178567324534003|-0.825031188408069|0.6175875968089161,0.22163618980018848|-0.6551662140293618|0.5788847512547989,0.0,0.0,0.0,0,0
132,,,,0.0,,0.0,0.0,0.0,0.645451754029846,0.0,0.0,0.0,0,False,constraint_required_more,2,2,0,2,0,2,2,,0.162898720940575,0.0027517119888216257,0.13170431600883603,0.01842171815223992,,0.13170431600883603,0.645451754029846,0.645451754029846,,,1.0,1.0,0,0.0,0.0,0,0,0,False,0.0015132534463197407,0.03948587775412499,9,0.0015132534463197407,5,0.0007155640575756128,1,-0.035018314461769506,-0.02946802107616797,,0.0,0.0011772058435563304,,0.021270691644689352,0.037777260080334885,0.0831547232064066,0.045377463126071715,0.057121618232653014,0.017783147323296007,0.0369565349353064,0.055407164757852935,0.018450629822546534,0.03537278997481553,0.02072823548162539,0.5220918276360256|-0.4736699190226967|0.7189107471713856,0.6139056120880276|-0.8365367480520335|0.6071333906804678,0.21805867387530867|-0.665061757859142|0.5663714954133854,0.0,0.0,0.0,0,0
133,,,,0.0,,0.0,0.0,0.0,0.6379530903098372,0.0,0.0,0.0,0,False,constraint_required_more,2,2,0,2,0,2,2,,0.16323063103482127,0.0027482309378683567,0.1321942638605833,0.018351715058088303,,0.1321942638605833,0.6379530903098372,0.6379530903098372,,,1.0,1.0,0,0.0,0.0,0,0,0,False,0.0015051555667418871,0.034849543949692974,10,0.0015051555667418871,6,0.0007352083013918986,1,-0.03514038863995772,-0.02953715710925664,,0.0,0.001405407835515781,,0.021139417615656696,0.03688969202023942,0.08211226554849675,0.04522257352825733,0.056221547119111724,0.01789236347112682,0.03739512761863865,0.05505497854565833,0.01765985092701968,0.03425706388653915,0.020991536433872946,0.5237005945568941|-0.47755065180267553|0.7206210788975275,0.6083439210069481|-0.8498635538266144|0.5967451133437107,0.21524888483223792|-0.67240497395997|0.5527916627705022,0.0,0.0,0.0,0,0
134,,,,0.0,,0.0,0.0,0.0,0.6378886504184553,0.0,0.0,0.0,0,False,constraint_required_more,2,2,0,2,0,2,2,,0.16540411300957203,0.0027534249238669872,0.13346143090166152,0.019027987029403448,,0.13346143090166152,0.6378886504184553,0.6378886504184553,,,1.0,1.0,0,0.0,0.0,0,0,0,False,0.001480169789381397,0.029707501414522913,12,0.001480169789381397,7,0.0005441703709147677,1,-0.034983018153360135,-0.029503579995417084,,0.0,0.0013922580920098936,,0.021083936487617513,0.03636324980399681,0.08050343989829434,0.04414019009429753,0.05562850865816417,0.01806224401257024,0.03783063549552053,0.05562286614733462,0.017792230651814088,0.034397781868151664,0.020933464605687624,0.5258737028177768|-0.48191046150199873|0.7199232777478874,0.6019144927656345|-0.8633319749256337|0.5820276286944569,0.21207966433045816|-0.6769617460880121|0.5394267736847377,0.0,0.0,0.0,0,0
135,,,,0.0,,0.0,0.0,0.0,0.6252539570805372,0.0,0.0,0.0,0,False,constraint_required_more,2,2,0,2,0,2,2,,0.16758755105547607,0.002751331077888608,0.13506006612442434,0.019289455143734813,,0.13506006612442434,0.6252539570805372,0.6252539570805372,,,1.0,1.0,0,0.0,0.0,0,0,0,False,0.0014747535491096836,0.02974508022756578,15,0.0014747535491096836,10,0.0005576949001958598,1,-0.03446063226921936,-0.02930149391916359,,0.0,0.0014125686369353423,,0.021052538674716834,0.03716821007807109,0.07962221216430862,0.04245400208623753,0.05387241054181491,0.017995778101649672,0.03738867590478526,0.05565708433073227,0.018268408425947014,0.03396598421248075,0.021064270406557527,0.5279061512333826|-0.4836025728480454|0.7170448831423173,0.5946038685577062|-0.8764189752912545|0.5632176253411537,0.2081728899618214|-0.6818578951327212|0.5222835445468753,0.0,0.0,0.0,0,0
136,,,,0.0,,0.0,0.0,0.0,0.6143879834354785,0.0,0.0,0.0,0,False,constraint_required_more,2,2,0,2,0,2,2,,0.17335195210762322,0.0027163659688085318,0.14100798917934299,0.01917763496749103,,0.14100798917934299,0.6143879834354785,0.6143879834354785,,,1.0,1.0,0,0.0,0.0,0,0,0,False,0.0014582151461931328,0.029703003054151078,16,0.0014582151461931328,11,0.0004558867277535822,1,-0.03469172918498842,-0.02959591259749672,,0.0,0.001413612552133191,,0.021080641475491744,0.03780495403265198,0.07975384164372275,0.04194888761107077,0.052934416104382834,0.018291141616226216,0.0368517681028159,0.055984991576000266,0.019133223473184365,0.03467786307643339,0.020986995740590278,0.5311842098731219|-0.4888582522437288|0.7150058127560178,0.5875242906710625|-0.8884743922285159|0.5427096902830973,0.20480879566441307|-0.6849133794132708|0.5047381211525601,0.0,0.0,0.0,0,0
137,,,,0.0,,0.0,0.0,0.0,0.614062022893817,0.0,0.0,0.0,0,False,constraint_required_more,2,2,0,2,0,2,2,,0.1690601750742644,0.0027965728659182787,0.1367469080723822,0.01910770102404058,,0.1367469080723822,0.614062022893817,0.614062022893817,,,1.0,1.0,0,0.0,0.0,0,0,0,False,0.0014496031304476048,0.029353132609444638,16,0.0014496031304476048,11,0.0007505839886706583,1,-0.035191217588259605,-0.02997731669151449,,0.0,0.0014106461827724348,,0.021094745127113148,0.03760201398436941,0.07953330178828115,0.04193128780391174,0.05085553834227259,0.01775589444470782,0.035277974634717206,0.056284082116258925,0.02100610748154172,0.03596675422990367,0.021090352834590508,0.535206294861256|-0.49540188459889445|0.7130345526104358,0.5788759021472913|-0.9025387283499356|0.5213163013412833,0.20114245144578488|-0.6884389219293007|0.48548672611090327,0.0,0.0,0.0,0,0
138,,,,0.0,,0.0,0.0,0.0,0.6133391048438247,0.0,0.0,0.0,0,False,constraint_required_more,2,2,0,2,0,2,2,,0.16991789895109832,0.002715224865823984,0.13721041521057487,0.019509479170665145,,0.13721041521057487,0.6133391048438247,0.6133391048438247,,,1.0,1.0,0,0.0,0.0,0,0,0,False,0.0014498146534563973,0.02928985965356079,16,0.0014498146534563973,10,0.00035061478372230837,1,-0.03536640969091209,-0.03026017606965148,,0.0,0.001411964025020666,,0.02108767752400858,0.03719016018660909,0.08109590551355335,0.04390574532694426,0.052167728441612216,0.01787644180649796,0.03349995747610454,0.05673596632399123,0.023236008847886687,0.037984429850719405,0.02070627878358062,0.5393160442474437|-0.4998937245025372|0.7082465323129394,0.5731010835860427|-0.9125272099197502|0.496298987747574,0.19839501988611918|-0.6909834132110169|0.4639933674214848,0.0,0.0,0.0,0,0
139,,,,0.0,,0.0,0.0,0.0,0.6087197641210427,0.0,0.0,0.0,0,False,constraint_required_more,2,2,0,2,0,2,2,,0.17080733203329146,0.002779898000881076,0.13810443505644798,0.019417389994487166,,0.13810443505644798,0.6087197641210427,0.6087197641210427,,,1.0,1.0,0,0.0,0.0,0,0,0,False,0.0014485747581777196,0.02885613054261807,20,0.0014485747581777196,13,7.303236766503796e-05,1,-0.037038644445612334,-0.03082956486373689,,0.0,0.0014130191361460672,,0.021027304536920862,0.037038735688581556,0.07958858235871138,0.04254984667012983,0.052071990339961884,0.017968334817058042,0.032157867581038,0.05704852395227681,0.024890656371238808,0.03950503142886165,0.020368895672680958,0.5428129036896993|-0.5076395377676232|0.7047106846571585,0.5664947088937138|-0.9211958532982512|0.4696977168902133,0.1957755358242728|-0.6939778102335553|0.4410147293759318,0.0,0.0,0.0,0,0
140,,,,0.0,,0.0,0.0,0.0,0.6155294833756181,0.0,0.0,0.0,0,False,constraint_required_more,2,2,0,2,0,2,2,,0.19345816504210234,0.002713663037866354,0.16078058211132884,0.019450674997642636,,0.16078058211132884,0.6155294833756181,0.6155294833756181,,,1.0,1.0,0,0.0,0.0,0,0,0,False,0.0014475924429408135,0.028892872500206945,20,0.0014475924429408135,13,0.0003751986265335544,1,-0.03717754946078955,-0.030354680127068434,,0.0,0.0014141307793621553,,0.021070741131939175,0.03578640923127751,0.07911319504772926,0.04332678581645175,0.05266501505232362,0.018248426887743825,0.0300754923830141,0.05894464893758491,0.02886915655457081,0.04142655956038522,0.01905404834731946,0.5452264373836838|-0.5134922698591902|0.6983092444144371,0.560675842267497|-0.9301284348382903|0.44102753036264886,0.19012788075455997|-0.700167567177539|0.41806418254540856,0.0,0.0,0.0,0,0
141,,,,0.0,,0.0,0.0,0.0,0.6304399035403921,0.0,0.0,0.0,0,False,constraint_required_more,2,2,0,2,0,2,2,,0.17159642186015844,0.0027253038715571165,0.13835617387667298,0.019746416015550494,,0.13835617387667298,0.6304399035403921,0.6304399035403921,,,1.0,1.0,0,0.0,0.0,0,0,0,False,0.004046923889734919,0.029123689893132604,21,0.004046923889734919,14,0.000467869726094583,1,-0.03963659421880905,-0.030283773827264326,,0.0,0.0014142400536834878,,0.02119098819566456,0.03574854234825055,0.07628551252324159,0.04053697017499104,0.05145520083864723,0.018392633496002207,0.029128209657845315,0.05930012640405039,0.030171916746205077,0.042542456588296446,0.019014776677404255,0.549564360020072|-0.5187502827305766|0.6898734263625972,0.5536780397357547|-0.9387203654904976|0.41264630743369685,0.188233537099584|-0.7040897347035384|0.3914576452398927,0.0,0.0,0.0,0,0
142,,,,0.0,,0.0,0.0,0.0,0.6496471069781194,0.0,0.0,0.0,0,False,constraint_required_more,2,2,0,2,0,2,2,,0.17491734609939158,0.0026770280674099922,0.14217878901399672,0.01949391094967723,,0.14217878901399672,0.6496471069781194,0.6496471069781194,,,1.0,1.0,0,0.0,0.0,0,0,0,False,0.0014588445569258222,0.029028078136046853,21,0.0014588445569258222,14,4.896159972302139e-05,1,-0.03889811012929023,-0.03063963078643006,,0.0,0.0014121505024816713,,0.021306763472196805,0.03462375263846536,0.07441369283800932,0.03978994019954396,0.05333796554720132,0.019137522777730342,0.028020788934438465,0.0598612150232887,0.03184042608885024,0.04393862791166538,0.01892664379193912,0.552579144282249|-0.5258898304673292|0.6827585153263263,0.5488090701361367|-0.9508342305040425|0.38598825794326125,0.18840612875384985|-0.7069432749608293|0.3644939452585898,0.0,0.0,0.0,0,0
143,,,,0.0,,0.0,0.0,0.0,0.6613097908502347,0.0,0.0,0.0,0,False,constraint_required_more,2,2,0,2,0,2,2,,0.17390530789270997,0.0027813678607344627,0.14120834809727967,0.019421496894210577,,0.14120834809727967,0.6613097908502347,0.6613097908502347,,,1.0,1.0,0,0.0,0.0,0,0,0,False,0.003087239971282532,0.029361180961079397,21,0.003087239971282532,14,0.0006627417117130718,1,-0.041579246077407817,-0.030501985002615584,,0.0,0.0014132294120496067,,0.02134907274862433,0.03369328420338895,0.07346588323152119,0.03977259902813224,0.05592445234381497,0.018924330115656415,0.026296471248980664,0.060127110580696884,0.03383063933171622,0.045234711478884235,0.019105431833587296,0.5544095182790869|-0.5320805666811714|0.6735581982638874,0.5461156579273614|-0.9561526607736597|0.35559175414075544,0.1888059663972119|-0.7099032416536967|0.3360915652147143,0.0,0.0,0.0,0,0
144,,,,0.0,,0.0,0.0,0.0,0.6854578897507099,0.0,0.0,0.0,0,False,constraint_required_more,2,2,0,2,0,2,2,,0.1738875270821154,0.0027232288848608732,0.14095756690949202,0.019613117910921574,,0.14095756690949202,0.6854578897507099,0.6854578897507099,,,1.0,1.0,0,0.0,0.0,0,0,0,False,0.0036284412039187253,0.030110378864036558,22,0.0036284412039187253,14,0.0005042779009596515,2,-0.04170072759748855,-0.030715309044891725,,0.0,0.0014097182583161058,,0.021424111428224677,0.033285469857844606,0.07351994486428504,0.04023447500644043,0.05846809078487527,0.018585143050716756,0.025350095900338942,0.06033920737939043,0.03498911147905148,0.04584120472912621,0.01902305878695722,0.5568784097764998|-0.5374936490506219|0.6619686311992661,0.5444819020498146|-0.9634956297427063|0.3266268026198591,0.1890234141398561|-0.7136769847562427|0.3084650154419825,0.0,0.0,0.0,0,0
145,,,,0.0,,0.0,0.0,0.0,0.7075930590558929,0.0,0.0,0.0,0,False,constraint_required_more,2,2,0,2,0,2,2,,0.1737282609101385,0.0027136411517858505,0.14034033101052046,0.019901583204045892,,0.14034033101052046,0.7075930590558929,0.7075930590558929,,,1.0,1.0,0,0.0,0.0,0,0,0,False,0.005454537737469012,0.031701143325320064,22,0.005454537737469012,14,0.0020351112276421474,2,-0.042118064471118544,-0.031563973659128663,,0.0,0.0014087091519015974,,0.021586967640184872,0.032705732092806486,0.07159020877691635,0.03888447668410987,0.05828598396624598,0.017951309009625178,0.024063446130862132,0.06034263121397877,0.036279185083116644,0.04652056339855237,0.018949838839626643,0.5614185997796397|-0.5434732237447294|0.6494334568441621,0.5413668915224737|-0.9713226661713378|0.30154032592181274,0.189435758609357|-0.7168900896150423|0.28227568366094424,0.0,0.0,0.0,0,0
146,,,,0.0,,0.0,0.0,0.0,0.7386019686984161,0.0,0.0,0.0,0,False,constraint_required_more,2,2,0,2,0,2,2,,0.17352583608590066,0.002778110094368458,0.14043671800754964,0.019705442013219,,0.14043671800754964,0.7386019686984161,0.7386019686984161,,,1.0,1.0,0,0.0,0.0,0,0,0,False,0.005880403858316452,0.032960777034228145,22,0.005880403858316452,14,0.003154938262220394,2,-0.04222214441531591,-0.03162194831048737,,0.0,0.0014056695361746154,,0.021909534991108672,0.03168998651567943,0.0714462959338631,0.03975630941818367,0.05956090911312718,0.0182434696847721,0.02323291434889417,0.06027122841517496,0.03703831406628079,0.04588165552388838,0.019449879623439924,0.5594008073913684|-0.5445895575587366|0.6353068529321864,0.5394578043348439|-0.9766952127005881|0.2765130571914089,0.18929585317361305|-0.7198258155182283|0.25497266201304475,0.0,0.0,0.0,0,0
147,,,,0.0,,0.0,0.0,0.0,0.785171355794785,0.0,0.0,0.0,0,False,constraint_required_more,2,2,0,2,0,2,2,,0.17430867906659842,0.0027263218071311712,0.14102523820474744,0.019876871956512332,,0.14102523820474744,0.785171355794785,0.785171355794785,,,1.0,1.0,0,0.0,0.0,0,0,0,False,0.005937966191299451,0.03417735192489327,20,0.005937966191299451,14,0.0019608071665112997,1,-0.04270192373513204,-0.031284502230768396,,0.0,0.0013823843827806635,,0.02228391410624801,0.030619936521373375,0.06758301150279404,0.036963074981420665,0.06004465444279182,0.018101008126717257,0.02300405103576325,0.06173499461284734,0.038730943577084086,0.0468212345158828,0.02008545093307763,0.5598169334803089|-0.5480042148345834|0.6233565447060233,0.5330475007608746|-0.9847424327192824|0.2563664527536585,0.18922722953065022|-0.7202476055160575|0.23209548303048538,0.0,0.0,0.0,0,0
148,,,,0.0,,0.0,0.0,0.0,0.7985927725844383,0.0,0.0,0.0,0,False,constraint_required_more,2,2,0,2,0,2,2,,0.17901162197813392,0.002743610879406333,0.14500613696873188,0.02041757619008422,,0.14500613696873188,0.7985927725844383,0.7985927725844383,,,1.0,1.0,0,0.0,0.0,0,0,0,False,0.005834023587871426,0.03551116359175904,20,0.005834023587871426,14,0.0025672243012709317,1,-0.042321807638240116,-0.031662170220046804,,0.0,0.0013851690059959194,,0.022424594696817013,0.030423132318076654,0.06750523991315116,0.03708210759507451,0.05972911821373319,0.01821315131236115,0.022649022153710126,0.062148195056677416,0.03949917290296729,0.04644877945974544,0.0201655705417842,0.5608074929223806|-0.5542250580170125|0.6115797652493904,0.5299265364942767|-0.9897477389615746|0.23439335068688172,0.189459123211821|-0.7211242624725027|0.21066142026311058,0.0,0.0,0.0,0,0
149,,,,0.0,,0.0,0.0,0.0,0.8128487106626033,0.0,0.0,0.0,0,False,constraint_required_more,2,2,0,2,0,2,2,,0.20705293701030314,0.002720541087910533,0.17354672495275736,0.020104107912629843,,0.17354672495275736,0.8128487106626033,0.8128487106626033,,,1.0,1.0,0,0.0,0.0,0,0,0,False,0.0014478884101043997,0.03682706201023794,19,0.0014478884101043997,14,0.0007230656894096354,1,-0.03808943172733592,-0.03126605301019225,,0.0,0.0013886755220508778,,0.022523289594188554,0.029357986456967522,0.07108888809254224,0.04173090163557472,0.06359634696028231,0.018638015181465625,0.022605804200706885,0.06124886996998071,0.03864306576927383,0.04826393860620374,0.02053521036605793,0.561064700767899|-0.5594637634936694|0.6000022448625724,0.5304100830845603|-0.9947683019920984|0.21549985498354324,0.18827456216769176|-0.722783149316245|0.19104569937236238,0.0,0.0,0.0,0,0
150,,,,0.0,,0.0,0.0,0.0,0.8235024490402987,0.0,0.0,0.0,0,False,constraint_required_more,2,2,0,2,0,2,2,,0.19170511979609728,0.0032165469601750374,0.1571957531850785,0.020542127080261707,,0.1571957531850785,0.8235024490402987,0.8235024490402987,,,1.0,1.0,0,0.0,0.0,0,0,0,False,0.0014480065215305878,0.03832418153993414,19,0.0014480065215305878,14,0.0007269770112039858,1,-0.03796799733330403,-0.03122107698798615,,0.0,0.0013969733731466405,,0.022810467501170266,0.028421487278345592,0.0715740100370623,0.04315252275871671,0.0584539828938418,0.018465980779510012,0.022795398613914934,0.059796934363107436,0.0370015357491925,0.0485572748722107,0.02098748526738079,0.5651480368506541|-0.5651867085124777|0.587460479164868,0.5247816205811692|-0.9999040093178556|0.1938060984355657,0.18904264813778063|-0.7210948355220057|0.1760708775990795,0.0,0.0,0.0,0,0
151,,,,0.0,,0.0,0.0,0.0,0.8266953522783727,0.0,0.0,0.0,0,False,constraint_required_more,2,2,0,2,0,2,2,,0.19651020993478596,0.0027299290522933006,0.1619419869966805,0.020767720881849527,,0.1619419869966805,0.8266953522783727,0.8266953522783727,,,1.0,1.0,0,0.0,0.0,0,0,0,False,0.0014488589032238576,0.03932306712921932,18,0.0014488589032238576,14,0.0,0,-0.03744476613558767,-0.03193845926243277,,0.0,0.0014028396329557853,,0.02282710363150038,0.027491255393820906,0.07158544448463061,0.044094189090809706,0.05990028436603683,0.01859213144461696,0.024166264173624576,0.058473499379253426,0.03430723520562885,0.04675273727380388,0.021922289572767466,0.5645710065669117|-0.5667817297303629|0.5781177727408693,0.5218187251152281|-1.0026970208339505|0.18241964639454164,0.18896310474865483|-0.7196734078641219|0.16429194389525179,0.0,0.0,0.0,0,0
152,,,,0.0,,0.0,0.0,0.0,0.8320658824373701,0.0,0.0,0.0,0,False,constraint_required_more,2,2,0,2,0,2,2,,0.19865367794409394,0.0027306328993290663,0.16395979980006814,0.020919539034366608,,0.16395979980006814,0.8320658824373701,0.8320658824373701,,,1.0,1.0,0,0.0,0.0,0,0,0,False,0.0015012596699503639,0.040273003272183916,19,0.0015012596699503639,14,0.0007348523446622374,1,-0.0377440127431079,-0.03266511890588042,,0.0,0.001404357994832279,,0.022929820386621145,0.02702965980338548,0.07061864971236968,0.0435889899089842,0.056471407054108955,0.018658782935898125,0.023788094968484014,0.05773510766739606,0.03394701269891205,0.046909469256455456,0.021938043756289154,0.565299123880103|-0.5681861172447259|0.5679596880831335,0.5160679278175171|-1.005776694982306|0.1684193107598265,0.1884206084836663|-0.7178974021602904|0.15333903600336485,0.0,0.0,0.0,0,0
153,,,,0.0,,0.0,0.0,0.0,0.8385275874716486,0.0,0.0,0.0,0,False,constraint_required_more,2,2,0,2,0,2,2,,0.20141262002289295,0.0026445859111845493,0.16690559103153646,0.02092589996755123,,0.16690559103153646,0.8385275874716486,0.8385275874716486,,,1.0,1.0,0,0.0,0.0,0,0,0,False,0.0014495486001369698,0.041009355109043466,19,0.0014495486001369698,14,0.001265139023462064,1,-0.03826497446139143,-0.032593702610670405,,0.0,0.0014133743963036917,,0.02304956439133509,0.02688294377487423,0.0693661774726758,0.042483233697801576,0.054033853973408055,0.01896608870016782,0.023580982661257258,0.058033466275860215,0.03445248361460296,0.04752466033074353,0.021869370338568818,0.5646385847280095|-0.569495511875709|0.5601241654688022,0.511640076303766|-1.0068950900965883|0.156750803390844,0.18697990648816715|-0.7155922023194824|0.1445044456291502,0.0,0.0,0.0,0,0
154,,,,0.0,,0.0,0.0,0.0,0.8321081910078966,0.0,0.0,0.0,0,False,constraint_required_more,2,2,0,2,0,2,2,,0.19882417912594974,0.0026604339946061373,0.16420553508214653,0.021006684051826596,,0.16420553508214653,0.8321081910078966,0.8321081910078966,,,1.0,1.0,0,0.0,0.0,0,0,0,False,0.0014498943226576196,0.041743629993230835,20,0.0014498943226576196,14,0.000930355328187471,2,-0.03850509723732287,-0.033211142022100404,,0.0,0.001407669392069339,,0.023014712486190886,0.027578374618385686,0.06886273782326957,0.041284363204883885,0.051626259139877013,0.018858766039331315,0.023521168087791845,0.05765192850956292,0.03413076042177107,0.04781661049633332,0.021881417064218242,0.5651680775100276|-0.5726810081921216|0.5540850409492577,0.5084855102279006|-1.0069996010369329|0.1459725845121826,0.1856843690130314|-0.7139336566435368|0.1379742923598313,0.0,0.0,0.0,0,0
155,,,,0.0,,0.0,0.0,0.0,0.8234163348278289,0.0,0.0,0.0,0,False,constraint_required_more,2,2,0,2,0,2,2,,0.20289041101932526,0.0027280678041279316,0.16639854200184345,0.02199482498690486,,0.16639854200184345,0.8234163348278289,0.8234163348278289,,,1.0,1.0,0,0.0,0.0,0,0,0,False,0.0014505174970498753,0.042183470603041257,20,0.0021489751312105954,13,0.0010148997659025494,3,-0.038461676741345485,-0.03498617690635086,,0.0,0.0014158891195507936,,0.022844837854513272,0.028482638957139813,0.06549922681480462,0.037016587857664804,0.04858290808431659,0.017981681341548147,0.02312318671560958,0.0577370751503708,0.03461388843476122,0.04916618147255367,0.021648938378958118,0.5640509560739877|-0.5709917279439318|0.551171810284403,0.5036852502525385|-1.0073334804568035|0.14107256394601686,0.18414856164005536|-0.712122551534101|0.13759998291549022,0.0,0.0,0.0,0,0
156,,,,0.0,,0.0,0.0,0.0,0.8197034833317439,0.0,0.0,0.0,0,False,constraint_required_more,2,2,0,2,0,2,2,,0.22712819115258753,0.002721714088693261,0.19067320181056857,0.022127615986391902,,0.19067320181056857,0.8197034833317439,0.8197034833317439,,,1.0,1.0,0,0.0,0.0,0,0,0,False,0.0014506725039728219,0.042626063458726576,20,0.007328516060234547,12,0.0009995586850084226,4,-0.03939442531333981,-0.03387534093053368,,0.0,0.0014010306028851662,,0.0227340069885259,0.029430555194348028,0.06345331542871338,0.03402276023436535,0.048972305933174094,0.017837976494101414,0.022366269712316186,0.059423987943955266,0.03705771823163908,0.05233244256892508,0.021578891248029666,0.5646283649800213|-0.5725407999197735|0.5495378285108926,0.5024635281344546|-1.0055255018764515|0.13825566114777357,0.18218234420851256|-0.709963460139429|0.137629736635371,0.0,0.0,0.0,0,0
157,,,,0.0,,0.0,0.0,0.0,0.8168098373836179,0.0,0.0,0.0,0,False,constraint_required_more,2,2,0,2,0,2,2,,0.2026922821532935,0.0027637649327516556,0.16700099082663655,0.021532634971663356,,0.16700099082663655,0.8168098373836179,0.8168098373836179,,,1.0,1.0,0,0.0,0.0,0,0,0,False,0.0014505173673189584,0.04300556562533461,20,0.008619395416428366,11,0.0011078775798070567,4,-0.03895659365673332,-0.03282722474954447,,0.0,0.0013819276275047082,,0.022670370209900467,0.029674758276009964,0.06133726747162766,0.031662509195617694,0.0472064550471749,0.017935774013533537,0.022004248975370743,0.06056388262460532,0.03855963364923458,0.05440572212138893,0.02154669979782453,0.563041228802186|-0.5744761818174267|0.5485238521212855,0.4979516250114168|-1.0078506700750964|0.13800770444463703,0.18149722975299626|-0.7084486921023809|0.1375753289140053,0.0,0.0,0.0,0,0
158,,,,0.0,,0.0,0.0,0.0,0.830580494170383,0.0,0.0,0.0,0,False,constraint_required_more,2,2,0,2,0,2,2,,0.20262499386444688,0.002715539187192917,0.16702490183524787,0.021526711992919445,,0.16702490183524787,0.830580494170383,0.830580494170383,,,1.0,1.0,0,0.0,0.0,0,0,0,False,0.0014502026550088157,0.04338197152457651,19,0.00670149025878225,11,0.0014451484608808268,3,-0.039325482427345904,-0.03178042651862967,,0.0,0.0013909146141110335,,0.02277133684119484,0.028822959556492993,0.06327915657114602,0.03445619701465303,0.05276151421742292,0.017887390038971142,0.023525633929019848,0.060839651884929936,0.03731401795591009,0.054606873946090026,0.021735085548223572,0.5640980376641525|-0.5756572585907913|0.5466342071167338,0.5027825580703758|-1.0053272717297717|0.1396873209034346,0.18241317964097978|-0.7079217355099579|0.13755787263480834,0.0,0.0,0.0,0,0
159,,,,0.0,,0.0,0.0,0.0,0.8290369483867409,0.0,0.0,0.0,0,False,constraint_required_more,2,2,0,2,0,2,2,,0.20129758981056511,0.00272293109446764,0.16571908188052475,0.021439105039462447,,0.16571908188052475,0.8290369483867409,0.8290369483867409,,,1.0,1.0,0,0.0,0.0,0,0,0,False,0.0017059389914752532,0.04374744266354469,19,0.006064336136306719,11,0.0011295745700799498,3,-0.03928446762236071,-0.030273480832070376,,0.0,0.0013751145911731581,,0.022733722348219906,0.028222029035005217,0.06328809314774919,0.035066064112743975,0.05360142417225283,0.0178952042046122,0.02496753139055983,0.06206382706755794,0.03709629567699811,0.05437083297932715,0.02166337990803849,0.5630540235296877|-0.5779892312079151|0.5451959754259842,0.5011622424866825|-1.007501518487032|0.13946745806111194,0.18196016362863782|-0.7076524089580882|0.13750567665461205,0.0,0.0,0.0,0,0
160,,,,0.0,,0.0,0.0,0.0,0.8302951566864192,0.0,0.0,0.0,0,False,constraint_required_more,2,2,0,2,0,2,2,,0.20195498899556696,0.0027662699576467276,0.16654196893796325,0.021326627116650343,,0.16654196893796325,0.8302951566864192,0.8302951566864192,,,1.0,1.0,0,0.0,0.0,0,0,0,False,0.0014503107757115295,0.043637652568632834,21,0.0059366206472082905,12,0.001184283250156487,4,-0.03750288131108803,-0.029620883576569668,,0.0,0.0014032957083143132,,0.022767938832803338,0.027716878355266827,0.06454970535308571,0.03683282699781888,0.05407290772789268,0.017816581526717015,0.026678162967446153,0.06247109011404185,0.035792927146595696,0.05603132715257906,0.022236676037576154,0.5623156948912587|-0.5800130132125978|0.543501759828018,0.4994716440405003|-1.0110541953246701|0.13806416844149533,0.18178234944423863|-0.7081232261817078|0.13742671674337895,0.0,0.0,0.0,0,0
161,,,,0.0,,0.0,0.0,0.0,0.8287855438536744,0.0,0.0,0.0,0,False,constraint_required_more,2,2,0,2,0,2,2,,0.20162993599660695,0.002684155013412237,0.16618190193548799,0.021541645983234048,,0.16618190193548799,0.8287855438536744,0.8287855438536744,,,1.0,1.0,0,0.0,0.0,0,0,0,False,0.0014505891079689068,0.04352188088425138,20,0.005039517427734258,12,0.0011650404768937112,3,-0.03680894688391945,-0.029231607133379356,,0.0,0.0013984467010160072,,0.02275929468573262,0.027859850731173672,0.06444770561006763,0.03658785487889396,0.05399457374073601,0.017798434057092763,0.028178550168756502,0.06281356686127998,0.034635016692523474,0.05644577654284374,0.021842078943301597,0.5611235720267396|-0.5824067599516769|0.5431296602960913,0.49699708720562974|-1.013654848359401|0.13806133827412648,0.18250806066566883|-0.7071526708115989|0.13728999457240815,0.0,0.0,0.0,0,0
162,,,,0.0,,0.0,0.0,0.0,0.8222924765279762,0.0,0.0,0.0,0,False,constraint_required_more,2,2,0,2,0,2,2,,0.20156479394063354,0.002788734855130315,0.16590965003706515,0.021462421864271164,,0.16590965003706515,0.8222924765279762,0.8222924765279762,,,1.0,1.0,0,0.0,0.0,0,0,0,False,0.00180793291057893,0.04345732536999963,20,0.0034113582408976384,12,0.00180793291057893,3,-0.036391811255484185,-0.028579190351821993,,0.0,0.0013889059154271592,,0.022702971656877093,0.029374126293451857,0.06395169313062553,0.03457756683717367,0.05265689359388583,0.017791736555879446,0.029207366910765007,0.06331639018942478,0.03410902327865978,0.056097298146041974,0.021863898327530957,0.5590638219593703|-0.5841089247147251|0.5433812252713991,0.495043174675474|-1.01538940814095|0.13805460179173218,0.18204923860233724|-0.7069778470324354|0.13711876990094776,0.0,0.0,0.0,0,0
163,,,,0.0,,0.0,0.0,0.0,0.816203001649058,0.0,0.0,0.0,0,False,constraint_required_more,2,2,0,2,0,2,2,,0.20178695395588875,0.002744165016338229,0.16636398108676076,0.021270018070936203,,0.16636398108676076,0.816203001649058,0.816203001649058,,,1.0,1.0,0,0.0,0.0,0,0,0,False,0.001700276673655965,0.04342275614612967,20,0.0027335402352362537,12,0.001700276673655965,3,-0.036246023078605916,-0.028156978554914502,,0.0,0.0013854433316996047,,0.022680388488360674,0.03150428727660695,0.06368855206234311,0.03218426478573616,0.05120868189550577,0.01790617203837647,0.03064899263967678,0.06351629065019881,0.03286729801052203,0.05345530290274017,0.02176122837104675,0.5581172616120201|-0.5856284885086804|0.5431008630447839,0.4941488092165172|-1.0166615365213727|0.13804063448500667,0.1797467105152789|-0.709934584910709|0.13717862203163017,0.0,0.0,0.0,0,0
164,,,,0.0,,0.0,0.0,0.0,0.8001398306412567,0.0,0.0,0.0,0,False,constraint_required_more,2,2,0,2,0,2,2,,0.2024151599034667,0.002749251900240779,0.16688894596882164,0.021439998177811503,,0.16688894596882164,0.8001398306412567,0.8001398306412567,,,1.0,1.0,0,0.0,0.0,0,0,0,False,0.0014507362288706527,0.04339426039745234,20,0.0033070616425555366,12,0.0011020587487144823,3,-0.03680654338029221,-0.027848873615898384,,0.0,0.0012889109051400984,,0.022514706378338932,0.0342397784909616,0.06281794045461285,0.028578161963651247,0.049203416856701286,0.018008739047280325,0.03187776298455548,0.06381957645157221,0.03194181346701673,0.049886402580579456,0.02128273320047865,0.5568025641057881|-0.5875654898715067|0.5436867630268667,0.4929167873313278|-1.017325336727303|0.13877010606386192,0.17897143422272072|-0.7109698091437227|0.13717979307129202,0.0,0.0,0.0,0,0
165,,,,0.0,,0.0,0.0,0.0,0.7880150211770808,0.0,0.0,0.0,0,False,constraint_required_more,2,2,0,2,0,2,2,,0.22666225698776543,0.00273893098346889,0.1908392501063645,0.02158338390290737,,0.1908392501063645,0.7880150211770808,0.7880150211770808,,,1.0,1.0,0,0.0,0.0,0,0,0,False,0.0014507112219127975,0.043170568903838386,21,0.0036989498235192875,12,0.0010020477668194333,4,-0.037571473470546124,-0.028189462642840724,,0.0,0.0013196198129995862,,0.022397641904418907,0.03852701768521481,0.06295067081549613,0.024423653130281317,0.045578895269099404,0.018141463913310348,0.03195709422104406,0.0635511511116901,0.03159405689064604,0.04519198118080376,0.020596130012499315,0.5556563742924125|-0.5885055521340025|0.5446076256706598,0.49444510326853564|-1.0155812553468393|0.13788290932355635,0.17972451975249296|-0.7105323276694412|0.13714518078315996,0.0,0.0,0.0,0,0
166,,,,0.0,,0.0,0.0,0.0,0.7841323191555518,0.0,0.0,0.0,0,False,constraint_required_more,2,2,0,2,0,2,2,,0.20231234515085816,0.0027740669902414083,0.1668416541069746,0.021362893050536513,,0.1668416541069746,0.7841323191555518,0.7841323191555518,,,1.0,1.0,0,0.0,0.0,0,0,0,False,0.0014505837566802585,0.04301468030170025,18,0.0033454913191396374,12,0.001006921857963361,1,-0.0383614707764508,-0.026455355263156122,,0.0,0.0012959390837481,,0.022412985380567987,0.044143587607936095,0.06226379615415172,0.018120208546215627,0.041624821937471995,0.018391257344383877,0.032630351534713914,0.06540424964708277,0.03277389811236886,0.04231071357998092,0.020498753986639136,0.5536897954720468|-0.588056304354973|0.5463643379365465,0.4941698435114309|-1.0147934618119232|0.13930391308484383,0.1776582242755812|-0.7109882415965842|0.1393526553928071,0.0,0.0,0.0,0,0
167,,,,0.0,,0.0,0.0,0.0,0.778663857648117,0.0,0.0,0.0,0,False,constraint_required_more,2,2,0,2,0,2,2,,0.20020782900974154,0.002761258976534009,0.16485161590389907,0.021126522915437818,,0.16485161590389907,0.778663857648117,0.778663857648117,,,1.0,1.0,0,0.0,0.0,0,0,0,False,0.0014506609771920073,0.04282637040030296,17,0.0032885224614347397,12,0.0010267674999753507,1,-0.03853498039632264,-0.02537242837687259,,0.0,0.0011261414680698325,,0.02240104694307511,0.05102108597820686,0.06215581660114459,0.011134730622937732,0.03569536699543324,0.01811622603189848,0.03403831060581309,0.06820398766178261,0.03416567705596952,0.04061072695443609,0.02078353095292021,0.5523708768869133|-0.5876005015631408|0.550165681611435,0.4945529922586807|-1.0140449560688367|0.14295399984203583,0.17730973189568805|-0.7098452038153806|0.14590827115384641,0.0,0.0,0.0,0,0
168,,,,0.0,,0.0,0.0,0.0,0.7655713124656819,0.0,0.0,0.0,0,False,constraint_required_more,2,2,0,2,0,2,2,,0.19779151491820812,0.002785174176096916,0.16329466411843896,0.02073242492042482,,0.16329466411843896,0.7655713124656819,0.7655713124656819,,,1.0,1.0,0,0.0,0.0,0,0,0,False,0.0014497423208503259,0.04233414165232968,16,0.00327682267585247,11,0.0008373969039521673,1,-0.0364565416650251,-0.024156265316779724,,0.0,0.0014146648601923125,,0.022276935248489366,0.057945770332680925,0.06422690522781474,0.006281134895133815,0.032536873756665044,0.018292185362461532,0.03768593914257465,0.07312099001244958,0.03543505086987493,0.036827284963562315,0.020353585098852746,0.5496428931041912|-0.585506692096671|0.5572667273921644,0.4973827069311053|-1.0133458596781229|0.14721897963766117,0.17672050406326126|-0.7098401907430539|0.15701001803676157,0.0,0.0,0.0,0,0
169,,,,0.0,,0.0,0.0,0.0,0.7528957295649799,0.0,0.0,0.0,0,False,constraint_required_more,2,2,0,2,0,2,2,,0.19546910491771996,0.0027269329875707626,0.16083667520433664,0.020775167969986796,,0.16083667520433664,0.7528957295649799,0.7528957295649799,,,1.0,1.0,0,0.0,0.0,0,0,0,False,0.001467967767774702,0.041972451778226005,15,0.0033650770584381373,10,0.0009112406020491681,1,-0.029460418477627925,-0.032274482792955084,,0.0,0.0014140956226035366,,0.022158470252794753,0.06520212713187788,0.07011340160209206,0.00491127447021418,0.028256177499627576,0.018502606277976414,0.04522794336980984,0.06985939948710103,0.024631456117291187,0.03001119350255934,0.020306766405303413,0.546550008785604|-0.5861854250804605|0.5658518061770286,0.50353994266019|-1.013816863554018|0.15221667808584805,0.18109034135415156|-0.709564020165907|0.16864747347954684,0.0,0.0,0.0,0,0
170,,,,0.0,,0.0,0.0,0.0,0.7364600726424899,0.0,0.0,0.0,0,False,constraint_required_more,2,2,0,2,0,2,2,,0.19365379284135997,0.0027149689849466085,0.15904078003950417,0.020770207978785038,,0.15904078003950417,0.7364600726424899,0.7364600726424899,,,1.0,1.0,0,0.0,0.0,0,0,0,False,0.0014685360650437754,0.04149763134051396,13,0.0033603405169984057,9,0.0,0,-0.01767830060598108,-0.026390245907741416,,0.0,0.0014133496049578854,,0.021982908752794274,0.07218582435300443,0.08044609254619767,0.00826026819319324,0.025758081374698802,0.018399841700098823,0.049393140583701305,0.07408087632906972,0.024687735745368415,0.03011583247213626,0.01981307468244002,0.5446906511824969|-0.5862139814358804|0.5741799506363475,0.5122527957709431|-1.0161465549272155|0.1616487435798601,0.1824441105620242|-0.6977691688481986|0.1807661345739118,0.0,0.0,0.0,0,0
171,,,,0.0,,0.0,0.0,0.0,0.7284675424402477,0.0,0.0,0.0,0,False,constraint_required_more,2,2,0,2,0,2,2,,0.18919364619068801,0.0027784770354628563,0.15606569312512875,0.019819146022200584,,0.15606569312512875,0.7284675424402477,0.7284675424402477,,,1.0,1.0,0,0.0,0.0,0,0,0,False,0.001405691748323154,0.040570129561929846,13,0.0033176622921406163,9,0.0,0,-0.0024875744701553515,-0.025034001990379195,,0.0,0.0014139061901861508,,0.021851552999550685,0.0817515852275083,0.09496166055994788,0.013210075332439578,0.025750816249905502,0.018918080665957793,0.05656154740956927,0.07889549863592962,0.022333951226360352,0.027865319104865616,0.019586581535839948,0.5427469552878826|-0.5867709510243976|0.5855983578510051,0.5248080193903771|-1.0163971689344242|0.17806299149802873,0.18456340730251256|-0.6920679434919971|0.19711994927063484,0.0,0.0,0.0,0,0
172,,,,0.0,,0.0,0.0,0.0,0.7187268560046819,0.0,0.0,0.0,0,False,constraint_required_more,2,2,0,2,0,2,2,,0.18278989801183343,0.002759417984634638,0.15067575010471046,0.01922959298826754,,0.15067575010471046,0.7187268560046819,0.7187268560046819,,,1.0,1.0,0,0.0,0.0,0,0,0,False,0.0014043103945423699,0.03984700985101111,13,0.0032773474505289335,9,0.0,0,0.013103999676776112,-0.013404154248171096,,0.0,0.0014144663651791919,,0.021772243578805542,0.08741630480404104,0.09606143159542406,0.008645126791383018,0.025322935435615847,0.018927344547260094,0.06847629255171706,0.09239661196316577,0.023920319411448718,0.02790456397647331,0.020441701990535823,0.5430559104318844|-0.5860029924912077|0.5968616224865662,0.5387459613036227|-1.013996131120196|0.19518290077901318,0.18432531732632138|-0.6808652044393809|0.21500821170480067,0.0,0.0,0.0,0,0
173,,,,0.0,,0.0,0.0,0.0,0.7096631340853419,0.0,0.0,0.0,0,False,constraint_required_more,2,2,0,2,0,2,2,,0.17661995184607804,0.002693047048524022,0.14513335190713406,0.018712111981585622,,0.14513335190713406,0.7096631340853419,0.7096631340853419,,,1.0,1.0,0,0.0,0.0,0,0,0,False,0.0014357814199419255,0.03924108699621806,13,0.003212840348059298,9,0.0,0,0.026706772846116777,-0.0014392948565067343,,0.0,0.0014136858261994604,,0.02169981447483348,0.08849723896939748,0.101276318714174,0.012779079744776517,0.02440702722614013,0.019277786437509638,0.07654651471494775,0.09865608759874359,0.022109572883795836,0.028044343851091266,0.02024334192598006,0.5442687796946251|-0.5868547585385406|0.6082303710526525,0.553223536978194|-1.00928495276463|0.2121639153674873,0.18582318642535414|-0.6694039347780965|0.2324460731735788,0.0,0.0,0.0,0,0
174,,,,0.0,,0.0,0.0,0.0,0.6924697917826201,0.0,0.0,0.0,0,False,constraint_required_more,2,2,0,2,0,2,2,,0.16975876688957214,0.0027766928542405367,0.13913992000743747,0.018231720197945833,,0.13913992000743747,0.6924697917826201,0.6924697917826201,,,1.0,1.0,0,0.0,0.0,0,0,0,False,0.0014079546262876184,0.03850329661053259,13,0.0032808881487431663,9,0.0,0,0.042945800920524135,0.013321607275099012,,0.0,0.001413738646572125,,0.02152565921842616,0.09535643335873249,0.10429138992262413,0.008934956563891636,0.02426349143609825,0.01916831530451967,0.08196116553129464,0.09988326561991048,0.017922100088615847,0.02823395248653956,0.020213387140812413,0.5451360889477036|-0.5840961643356979|0.6192426300095173,0.56902578585087|-1.0032490790422428|0.2324899197499758,0.1879838802844549|-0.6573585122318542|0.2516732145015983,0.0,0.0,0.0,0,0
175,,,,0.0,,0.0,0.0,0.0,0.6981847904120897,0.0,0.0,0.0,0,False,constraint_required_more,2,2,0,2,0,2,2,,0.16463508387096226,0.002788150915876031,0.13462659297510982,0.017806214978918433,,0.13462659297510982,0.6981847904120897,0.6981847904120897,,,1.0,1.0,0,0.0,0.0,0,0,0,False,0.00146550463470543,0.037771479643078254,14,0.0032480913721732174,9,0.0,0,0.04319717968458825,0.013180994861047068,,0.0,0.001413347629809959,,0.021576630781663754,0.10933019893862801,0.11395832935148968,0.00462813041286167,0.024634060104695505,0.019276424914991066,0.09345158665985749,0.10485726321578774,0.01140567655593025,0.026628812654803238,0.020436762462359415,0.5480448454391176|-0.5832590843246654|0.6306679667794928,0.5861329283397041|-0.995658708926146|0.2558025874458826,0.19144809585503797|-0.6459973380144689|0.2715143463901472,0.0,0.0,0.0,0,0
176,,,,0.0,,0.0,0.0,0.0,0.6949396520013201,0.0,0.0,0.0,0,False,constraint_required_more,2,2,0,2,0,2,2,,0.1837300460319966,0.002761278999969363,0.1540001209359616,0.01758313411846757,,0.1540001209359616,0.6949396520013201,0.6949396520013201,,,1.0,1.0,0,0.0,0.0,0,0,0,False,0.0014016370983983076,0.03700676895686794,13,0.0032414610302861635,8,0.0,0,0.04549137020701188,0.012106414070801819,,0.0,0.0014162383668682068,,0.021553238904104818,0.11992225228588647,0.13103142711837776,0.011109174832491284,0.02556979392675747,0.01937293449553294,0.10911909928107438,0.11507217435427683,0.005953075073202446,0.025223926585257607,0.020410030658772414,0.5477274059383522|-0.5866270983277965|0.6441231403448732,0.6064832400379179|-0.9825161036696534|0.28257427814357494,0.19504467319230925|-0.6347423278657591|0.29478315082156853,0.0,0.0,0.0,0,0
177,,,,0.0,,0.0,0.0,0.0,0.6903532379899187,0.0,0.0,0.0,0,False,constraint_required_more,2,2,0,2,0,2,2,,0.1583971600048244,0.002708964981138706,0.12847611401230097,0.017834798898547888,,0.12847611401230097,0.6903532379899187,0.6903532379899187,,,1.0,1.0,0,0.0,0.0,0,0,0,False,0.0013950211567190368,0.03601706563108681,13,0.003209678411143918,8,0.0,0,0.05185935008888798,0.017057284543884776,,0.0,0.0011469005185544287,,0.021415458791672413,0.12856650670278466,0.13073525597597466,0.002168749273189996,0.026229126114064933,0.019414379872208308,0.11736156216501047,0.12679319681473142,0.009431634649720952,0.02530403299663571,0.019197912354860402,0.5481653940415459|-0.5930898434531051|0.6602953493794744,0.6248754779395642|-0.9697404142521419|0.3117132468265687,0.20400914452533042|-0.6192984795209507|0.32573690123130383,0.0,0.0,0.0,0,0
178,,,,0.0,,0.0,0.0,0.0,0.6696163415736764,0.0,0.0,0.0,0,False,constraint_required_more,2,2,0,2,0,2,2,,0.15393500006757677,0.0027488130144774914,0.12446839292533696,0.017550345044583082,,0.12446839292533696,0.6696163415736764,0.6696163415736764,,,1.0,1.0,0,0.0,0.0,0,0,0,False,0.001394827380279469,0.03521693711343252,13,0.0032372118068071387,8,0.0,0,0.06384419790347984,0.026903663589880722,,0.0,0.0014118199945194043,,0.021219485922429695,0.1450407403415181,0.13610262539700002,0.008938114944518072,0.02663573601272716,0.019305223045618054,0.12793315693065788,0.14019669073999946,0.012263533809341587,0.02611856241098221,0.01916978860741132,0.5429061740363363|-0.5984158725645953|0.6735931519788834,0.6416694358427975|-0.9582571333814095|0.3425494689045781,0.2098843616882586|-0.6066079089436021|0.3512365732671563,0.0,0.0,0.0,0,0
179,,,,0.0,,0.0,0.0,0.0,0.6550700679645539,0.0,0.0,0.0,0,False,constraint_required_more,2,2,0,2,0,2,2,,0.14767537312582135,0.0028178771026432514,0.11826856900006533,0.017311939038336277,,0.11826856900006533,0.6550700679645539,0.6550700679645539,,,1.0,1.0,0,0.0,0.0,0,0,0,False,0.0014216501111557062,0.0343756754475153,13,0.0032177457428858303,8,0.0,0,0.08047819349761554,0.037342522009067736,,0.0,0.0014121738156701667,,0.021097933047847846,0.16799531309944574,0.14975204144031937,0.01824327165912637,0.02725729569145104,0.01924929783130548,0.1430239994661397,0.15147625033822495,0.00845225087208526,0.02607236385972625,0.019193429828521763,0.5385675961133327|-0.5985919734040616|0.6850391759326339,0.6569765101531436|-0.9444912314312474|0.37801692843924617,0.21663148222617776|-0.5950942775227527|0.37796713571603285,0.0,0.0,0.0,0,0
180,,,,0.0,,0.0,0.0,0.0,0.6590062887992334,0.0,0.0,0.0,0,False,constraint_required_more,2,2,0,2,0,2,2,,0.142091782996431,0.002793189138174057,0.11293253488838673,0.017194357002153993,,0.11293253488838673,0.6590062887992334,0.6590062887992334,,,1.0,1.0,0,0.0,0.0,0,0,0,False,0.0014211810839510272,0.03327201586235795,13,0.0032865042744878725,8,0.0,0,0.10069438373878192,0.04876397315720382,,0.0,0.0013843916851863003,,0.02114311823818902,0.19553606696033513,0.17104771158198934,0.02448835537834579,0.027464822047459803,0.01944381511706331,0.1612148843364886,0.15998884286797715,0.0012260414685114351,0.024335446252094092,0.019277842977335077,0.5349158181448677|-0.6018608108102903|0.6961264266672456,0.6713225273604098|-0.9310397961322129|0.4122365261846721,0.22605497370247588|-0.5857803479728062|0.4071089792859812,0.0,0.0,0.0,0,0
181,,,,0.0,,0.0,0.0,0.0,0.6618838094722237,0.0,0.0,0.0,0,False,constraint_required_more,2,2,0,2,0,2,2,,0.14077730616554618,0.002774232067167759,0.11161734000779688,0.01717765792272985,,0.11161734000779688,0.6618838094722237,0.6618838094722237,,,1.0,1.0,0,0.0,0.0,0,0,0,False,0.001420430195841517,0.032008327163107,15,0.0033173785393516286,9,0.0,0,0.12236445287914322,0.06391702147038814,,0.0,0.001410749668976645,,0.02117798774605933,0.2254965775237558,0.19665345925944747,0.028843118264308326,0.027318233486457854,0.019599714138762835,0.18111092103285248,0.175041652488308,0.006069268544544482,0.02517263861368163,0.019353153443098372,0.5339890541913427|-0.6051551039341863|0.7065616470065496,0.6844878367049709|-0.9168702506625848|0.4459549444507747,0.23055443889262803|-0.5780577561984434|0.4358699997325093,0.0,0.0,0.0,0,0
182,,,,0.0,,0.0,0.0,0.0,0.6783584526476417,0.0,0.0,0.0,0,False,constraint_required_more,2,2,0,2,0,2,2,,0.1404335699044168,0.0027672050055116415,0.1108699319884181,0.01743558095768094,,0.1108699319884181,0.6783584526476417,0.6783584526476417,,,1.0,1.0,0,0.0,0.0,0,0,0,False,0.0014199945063363903,0.03064508841778929,15,0.003268673999005517,9,0.0,0,0.14242629682217078,0.07685080556469082,,0.0,0.0013754747274493137,,0.02144502082664187,0.2560121685361162,0.22278589007472477,0.03322627846139142,0.028417558882246615,0.01972194589038391,0.2015446298344794,0.18847220519563318,0.013072424638846225,0.024541477179541745,0.01978988080505191,0.531893579123491|-0.61025048073248|0.7172097608320269,0.6947256698968868|-0.9049699477087055|0.4777128416856566,0.23998152627151292|-0.575723518545134|0.4657038027478087,0.0,0.0,0.0,0,0
183,,,,0.0,,0.0,0.0,0.0,0.6884254566166029,0.0,0.0,0.0,0,False,constraint_required_more,2,2,0,2,0,2,2,,0.1412572138942778,0.0028049598913639784,0.11162219289690256,0.01753581711091101,,0.11162219289690256,0.6884254566166029,0.6884254566166029,,,1.0,1.0,0,0.0,0.0,0,0,0,False,0.001420230459645646,0.02959692746790954,11,0.003248747666651869,7,0.0,0,0.16349717198335334,0.09162578274890265,,0.0,0.00141412630890633,,0.021571840305943914,0.2856512034311202,0.25007564969891033,0.035575553732209886,0.028810619521587824,0.020069448106977594,0.22180153031505706,0.20459544720509154,0.01720608310996552,0.02408302160256166,0.019924389217021988,0.5287589143480009|-0.6119961962339356|0.7267611351839165,0.7039949117616358|-0.891796877573929|0.5089085667964056,0.24478631283638244|-0.5734576764331302|0.49153125748569426,0.0,0.0,0.0,0,0
184,,,,0.0,,0.0,0.0,0.0,0.7101554694322667,0.0,0.0,0.0,0,False,constraint_required_more,2,2,0,2,0,2,2,,0.1384360590018332,0.0027530170045793056,0.10907032107934356,0.017400301061570644,,0.10907032107934356,0.7101554694322667,0.7101554694322667,,,1.0,1.0,0,0.0,0.0,0,0,0,False,0.0014195413625186365,0.02949579330827254,11,0.003252260322485906,7,0.0,0,0.18470635024141124,0.11063708588912213,,0.0,0.0014102373122337885,,0.021879139138198087,0.3130544755253803,0.2779894884276737,0.03506498709770661,0.027039494597172847,0.01946882008545072,0.24108689094692043,0.22442933263078854,0.016657558316131887,0.02474089701461894,0.020369237320008008,0.5231253044647943|-0.6162161826152757|0.7364234619858555,0.7109870505502784|-0.8779152201012603|0.5406224005041336,0.250863388529163|-0.5695532172620047|0.5188525425707236,0.0,0.0,0.0,0,0
185,,,,0.0,,0.0,0.0,0.0,0.7223463131044051,0.0,0.0,0.0,0,False,base_finished_after_2,2,2,0,2,0,2,2,,0.13808698183856905,0.0027513608802109957,0.10859981901012361,0.017470020102337003,,0.10859981901012361,0.7223463131044051,0.7223463131044051,,,1.0,1.0,0,0.0,0.0,0,0,0,False,0.0014468034230304856,0.029420449123274045,11,0.003276638306620089,7,0.0,0,0.19792238370290427,0.13025793199751412,,0.0,0.001420445891559692,,0.022061103811167822,0.33778397384238973,0.2986355735909825,0.039148400251407256,0.027616363847285098,0.019342440125422716,0.2589417099700439,0.24511932151129262,0.013822388458751278,0.026500986530580098,0.02009807073611466,0.5193790803543258|-0.6227701409018008|0.7456569942578535,0.7140070566922403|-0.8648447998939295|0.5642637628770406,0.2546093234375683|-0.5689997335298695|0.5468632516110534,0.0,0.0,0.0,0,0
186,,,,0.0,,0.0,0.0,0.0,0.6698270166691079,0.0,0.0,0.0,0,False,constraint_required_more,2,2,0,2,0,2,2,,0.1329168260563165,0.0027995980344712734,0.10384731297381222,0.017182572977617383,,0.10384731297381222,0.6698270166691079,0.6698270166691079,,,1.0,1.0,0,0.0,0.0,0,0,0,False,0.001377133949734325,0.02913291419746769,11,0.0032708946587824417,7,0.0,0,0.21322670576664038,0.14602253426765266,,0.0,0.0014162685080873604,,0.021446231080532754,0.359344136490238,0.32198349630574064,0.03736064018449736,0.02511169491393422,0.019354187874053783,0.27530081417143243,0.2628179955359913,0.01248281863544115,0.027604395837283868,0.020029682095879225,0.5251774035133951|-0.6397160436030619|0.7554567670558556,0.7141452385632461|-0.8575206789374269|0.5927106202093835,0.2617864409539512|-0.5704983949045611|0.5717415346026766,0.0,0.0,0.0,0,0
187,,,,0.0,,0.0,0.0,0.0,0.664595923116391,0.0,0.0,0.0,0,False,base_finished_after_2,2,2,0,2,0,2,2,,0.1280284309759736,0.0027754029724746943,0.09925875905901194,0.01701544993557036,,0.09925875905901194,0.664595923116391,0.664595923116391,,,1.0,1.0,0,0.0,0.0,0,0,0,False,0.001437584927498941,0.028899993897909454,11,0.003246855073097632,7,0.0,0,0.21941999329506245,0.15618730650174228,,0.0,0.0014185586359615984,,0.021442392543767515,0.3770095537397474,0.33651767535936156,0.04049187838038587,0.018437620000351956,0.020592695058448292,0.2895092066965269,0.2775082550810724,0.012000951615454503,0.026794481497081395,0.0193873502216823,0.5229408472746272|-0.6528418892966935|0.7640305538997102,0.706771353916886|-0.8465806069529958|0.6139882821566728,0.2629491533559215|-0.5796086683064227|0.5945393135900751,0.0,0.0,0.0,0,0
188,,,,0.0,,0.0,0.0,0.0,0.6405490899913331,0.0,0.0,0.0,0,False,base_finished_after_2,2,2,0,2,0,2,2,,0.12665913812816143,0.0027724960818886757,0.09773319587111473,0.017015006858855486,,0.09773319587111473,0.6405490899913331,0.6405490899913331,,,1.0,1.0,0,0.0,0.0,0,0,0,False,0.0014119612395950172,0.028471708796354495,11,0.0032757478639100224,7,0.0,0,0.24447642609858633,0.1637934285591367,,0.0,0.0014412796141147224,,0.021074204411550574,0.39003915902423797,0.3630216556134478,0.027017503410790178,0.01380184341326513,0.03368572594184701,0.30052213316320486,0.28803971698170877,0.012482416181496092,0.024173973760666,0.019536906774671264,0.5186027122728812|-0.6670067372218957|0.7702813254264109,0.708697248265702|-0.825239627545445|0.6406344759665114,0.2669124435545534|-0.5884504371632137|0.6116105872114044,0.0,0.0,0.0,0,0
189,,,,0.0,,0.0,0.0,0.0,0.6284082455578451,0.0,0.0,0.0,0,False,base_finished_after_2,2,2,0,2,0,2,2,,0.1317444529850036,0.0027912009973078966,0.10298289894126356,0.016920006833970547,,0.10298289894126356,0.6284082455578451,0.6284082455578451,,,1.0,1.0,0,0.0,0.0,0,0,0,False,0.0013800438843145357,0.028001507960076,11,0.0032510369856921795,7,0.0,0,0.24901573031928947,0.1673981600219978,,0.0,0.0014412403563822537,,0.020992509681329638,0.3983120323993477,0.37171937566856844,0.026592656730779263,0.013425762703108798,0.03142512836020985,0.3083592293239548,0.2966972282826263,0.011662001041328529,0.02116668071647866,0.018858643611305608,0.5205182955235836|-0.6877027964323057|0.7720732679026319,0.7088412053469347|-0.8254576329521541|0.6507658347602525,0.2744019536020595|-0.605426422788193|0.6293688905246875,0.0,0.0,0.0,0,0
190,,,,0.0,,0.0,0.0,0.0,0.5978001876066055,0.0,0.0,0.0,0,False,base_finished_after_2,2,2,0,2,0,2,2,,0.13014725595712662,0.0027611840050667524,0.10198262706398964,0.01674558618105948,,0.10198262706398964,0.5978001876066055,0.5978001876066055,,,1.0,1.0,0,0.0,0.0,0,0,0,False,0.0013984286633975732,0.027451206104382952,11,0.00328116008836285,7,0.0,0,0.2529002934770528,0.1701862885626202,,0.0,0.0010568027029219213,,0.020636151639746025,0.40278409391672254,0.3786527892974927,0.024131304619229854,0.012505407003043928,0.030206783345092303,0.31361655247816944,0.30510890258000617,0.008507649898163272,0.02108282538283343,0.01848539936957261,0.5234236288484745|-0.7060884634859588|0.7724493762839131,0.707316225534862|-0.8250722687913197|0.6595543247633338,0.27691511957860543|-0.615155191846677|0.6419890672757025,0.0,0.0,0.0,0,0
191,,,,0.0,,0.0,0.0,0.0,0.5799159151607962,0.0,0.0,0.0,0,False,constraint_required_more,2,2,0,2,0,2,2,,0.12814205815084279,0.0027602340560406446,0.09997874521650374,0.016699858009815216,,0.09997874521650374,0.5799159151607962,0.5799159151607962,,,1.0,1.0,0,0.0,0.0,0,0,0,False,0.001405101571019269,0.027017363750068635,11,0.003271797423049755,7,0.0,0,0.25822436719488095,0.16763251435697946,,0.0,0.0012617402114963416,,0.020458518549726246,0.4038420920325744,0.38583128560199326,0.018010806430581117,0.015225857716309075,,0.3166459060158779,0.30814647990667204,0.008499426109205843,0.018992391672630064,0.018136810144545587,0.5265239127859426|-0.7206526253475918|0.7726708369494913,0.7080115403902869|-0.8237745417186885|0.6672181555445854,0.28346897700348367|-0.626234752987479|0.6492677749007393,0.0,0.0,0.0,0,0
192,,,,0.0,,0.0,0.0,0.0,0.5808065729507759,0.0,0.0,0.0,0,False,constraint_required_more,2,2,0,2,0,2,2,,0.12860673409886658,0.0027910450007766485,0.10057939495891333,0.01656210795044899,,0.10057939495891333,0.5808065729507759,0.5808065729507759,,,1.0,1.0,0,0.0,0.0,0,0,0,False,0.0013971329571136962,0.027989680735268113,11,0.0032728570565166704,7,0.0,0,0.2554660163085192,0.16132978606209925,,0.0,0.0012481435927750287,,0.020612186868361724,0.40227656445836085,0.38489371469978584,0.017382849758575014,0.017492174892960365,,0.3184100408027123,0.3088368184014524,0.009573222401259907,0.015277990561699041,0.01892960743642249,0.5325720719970989|-0.7375690156150592|0.7711189830703435,0.708566194078311|-0.8359490768693354|0.6677982783118359,0.29170124600009173|-0.6406903553308663|0.6543150368539353,0.0,0.0,0.0,0,0
193,,,,0.0,,0.0,0.0,0.0,0.5744187058377731,0.0,0.0,0.0,0,False,constraint_required_more,2,2,0,2,0,2,2,,0.13002768391743302,0.0027698869816958904,0.10173473786562681,0.016702983994036913,,0.10173473786562681,0.5744187058377731,0.5744187058377731,,,1.0,1.0,0,0.0,0.0,0,0,0,False,0.0014148300888265908,0.028738641862041697,11,0.0032953839276314845,7,0.0,0,0.2472897899177049,0.15790185190554062,,0.0,0.0014151866099432408,,0.020524764730024694,0.39822651118405494,0.37914559751407295,0.01908091366998199,0.01790403742495567,0.021218438066771768,0.3193566613925735,0.3110435946436004,0.008313066748973141,0.015435926095874297,0.01993824225691268,0.5361781926297173|-0.7566860834196468|0.7694353873032324,0.7079287559940979|-0.8618280999878098|0.664255204045578,0.296467149568062|-0.656045597460937|0.65982872072954,0.0,0.0,0.0,0,0
194,,,,0.0,,0.0,0.0,0.0,0.5697572522109917,0.0,0.0,0.0,0,False,constraint_required_more,2,2,0,2,0,2,2,,0.16051746089942753,0.0028626599814742804,0.1304445869755,0.01768074301071465,,0.1304445869755,0.5697572522109917,0.5697572522109917,,,1.0,1.0,0,0.0,0.0,0,0,0,False,0.0014126147108503885,0.029014495945402896,13,0.0033404760773517728,8,0.0,0,0.23885233956644392,0.1540110523650604,,0.0,0.0012137669355429966,,0.02043184689867414,0.3923473930866343,0.37429246613545636,0.01805492695117794,0.01920219383123094,0.02173566193263302,0.31994222454913385,0.31259985769125587,0.00734236685787798,0.014391010973035162,0.020161731205048085,0.5419183343561973|-0.7743560793228009|0.7684153095310701,0.7055855113641115|-0.8858839274000619|0.6607811052172269,0.3029685491017328|-0.6730982172035511|0.6640760822770654,0.0,0.0,0.0,0,0
195,,,,0.0,,0.0,0.0,0.0,0.5677911629853208,0.0,0.0,0.0,0,False,constraint_required_more,2,2,0,2,0,2,2,,0.14180763205513358,0.002735871821641922,0.11132991686463356,0.01815691404044628,,0.11132991686463356,0.5677911629853208,0.5677911629853208,,,1.0,1.0,0,0.0,0.0,0,0,0,False,0.0019131195885027721,0.02920784247386546,12,0.003311939486839499,5,0.0,0,0.23553760194917572,0.1540146331304335,,0.0,0.0014265970684116183,,0.020329711379120083,0.3863443280470266,0.37310957708297615,0.013234750964050468,0.0205915655850421,0.02138547663397523,0.3212678924959147,0.31648925857896404,0.004778633916950659,0.011909255073988956,0.01934879768702659,0.5520719951109296|-0.7911981824826299|0.7690417905804169,0.7076258332007804|-0.9123241300117202|0.6570426885412821,0.31849939291492574|-0.6917922512696516|0.6696993173290007,0.0,0.0,0.0,0,0
